100
5
1 9
10 1
2 3
5 3
7 3
3
0 100
50 30
30 30
5
1 2
3 4
5 6
7 8
9 10
10
53 48
37 98
47 99
43 18
27 58
21 89
2 63
35 59
13 92
76 85
10
32 7
68 31
29 59
69 84
54 8
56 1
33 80
82 21
76 46
82 19
10
74 18
85 25
90 44
34 24
31 72
57 53
48 87
89 27
21 88
73 14
10
56 65
82 33
72 4
57 30
38 30
76 82
45 51
9 96
81 86
5 91
10
78 41
57 88
67 39
85 69
62 68
5 14
43 99
49 95
23 100
30 94
10
52 52
21 77
44 59
47 39
23 28
85 93
40 52
86 67
49 86
2 25
10
58 88
98 16
29 56
34 24
60 22
54 68
40 96
47 35
38 13
59 26
10
61 1
30 44
53 96
63 54
36 97
43 37
28 69
92 82
16 17
72 23
10
74 68
28 81
52 69
97 48
23 71
28 7
77 46
68 61
31 83
84 54
10
53 80
80 36
24 6
14 83
65 97
94 24
14 67
62 81
77 29
61 91
10
21 80
38 89
63 86
84 83
43 13
7 10
70 59
78 37
52 3
88 17
10
79 91
20 88
79 52
95 41
91 44
63 4
97 26
94 40
8 60
0 69
10
11 49
4 6
59 2
86 74
63 54
98 36
74 27
96 71
14 82
78 41
10
30 13
44 59
74 6
6 7
58 39
77 49
64 6
1 74
32 69
73 69
10
28 60
59 52
15 34
39 78
67 64
5 93
56 52
93 57
39 88
66 38
10
88 97
5 74
83 63
33 50
66 97
16 20
72 47
22 39
83 79
46 98
10
69 80
71 32
12 84
17 93
24 63
27 68
59 76
81 87
36 79
48 75
10
28 25
45 6
20 88
96 93
100 76
56 98
42 91
90 87
18 41
88 90
10
16 30
12 31
11 52
11 79
56 83
27 25
9 60
22 74
66 48
66 62
10
18 18
3 5
3 30
66 89
4 56
33 69
56 55
73 72
59 84
76 52
10
62 65
19 35
36 74
77 60
94 68
19 50
28 34
87 4
54 83
47 68
10
55 40
13 51
91 59
56 54
31 13
36 76
92 28
70 95
49 85
73 37
10
41 6
83 9
77 71
38 71
51 28
55 30
20 42
28 35
50 86
7 87
10
61 16
29 33
36 31
72 5
76 17
47 22
52 58
32 45
23 92
94 37
10
67 93
24 29
100 97
6 86
20 24
79 82
49 54
69 42
12 41
42 7
10
39 58
36 64
94 12
8 22
50 90
35 61
56 28
13 49
34 80
75 28
10
26 56
44 67
6 77
73 57
14 81
100 46
2 94
78 63
22 95
98 98
10
43 12
67 62
79 8
73 67
32 93
11 31
50 27
24 60
56 7
64 34
10
80 56
78 38
97 25
24 100
88 99
12 75
72 71
50 22
40 46
40 88
10
23 91
87 70
29 76
37 52
46 62
3 87
22 64
51 64
83 13
27 70
10
61 32
14 49
84 67
67 59
53 95
86 39
87 69
76 58
91 28
69 79
10
51 1
41 72
91 39
43 90
83 75
77 85
47 82
65 76
4 25
46 94
10
71 28
88 40
41 68
48 66
20 98
89 32
87 22
64 67
96 81
4 9
10
54 81
22 49
36 39
15 63
50 4
73 1
58 51
81 100
35 33
68 34
10
87 31
20 84
16 37
18 76
99 56
18 90
95 26
86 94
40 47
60 40
10
88 33
54 4
30 90
38 79
57 23
26 78
29 73
46 19
15 31
28 17
10
91 41
43 16
85 15
91 43
18 21
60 100
81 15
79 58
99 13
45 9
10
16 93
36 60
45 92
3 22
61 72
3 32
12 17
71 100
47 72
85 81
10
59 83
90 73
67 42
2 56
19 24
48 26
50 2
98 15
55 3
41 59
10
93 67
4 46
42 3
55 7
27 56
79 53
43 8
16 60
22 52
83 85
10
13 52
4 83
25 90
63 31
58 35
8 7
16 78
75 31
10 19
59 37
10
28 31
10 74
18 56
67 68
73 57
30 42
67 12
37 29
65 42
99 69
10
92 72
90 75
14 53
22 53
70 84
73 81
84 85
62 25
51 11
32 87
10
94 8
15 55
43 99
72 93
55 64
52 89
49 12
18 94
40 66
65 78
10
91 43
100 91
9 2
59 47
39 12
79 43
10 68
36 9
63 67
5 22
10
65 43
30 74
4 95
11 61
99 37
35 96
87 39
43 45
55 32
29 49
10
38 65
86 96
22 51
24 92
74 44
81 1
84 24
54 70
44 34
19 79
10
30 46
95 94
22 89
31 15
74 6
63 58
69 34
93 49
24 80
57 5
10
87 61
96 77
31 88
95 97
91 60
68 48
99 63
7 77
24 26
50 49
10
71 85
70 23
58 100
17 42
100 13
98 51
9 82
96 64
59 38
80 45
10
87 100
71 14
52 26
17 5
79 93
32 30
7 3
33 82
30 13
48 29
10
45 34
92 90
80 95
54 10
19 38
25 5
46 5
83 8
30 77
90 86
10
20 72
44 18
59 5
65 32
53 76
41 31
9 85
65 39
86 11
71 25
10
35 98
45 85
92 26
26 63
39 78
65 81
97 72
89 52
35 55
82 63
10
45 52
42 83
66 63
59 54
85 47
64 52
59 53
84 15
62 89
81 97
10
17 15
63 93
10 70
47 33
18 100
51 17
86 62
43 2
23 88
89 64
10
9 88
90 57
38 92
89 39
67 14
17 57
84 99
83 65
48 4
64 8
10
20 87
16 25
73 39
36 65
97 7
36 70
95 60
14 50
32 89
88 26
10
84 32
78 84
97 35
45 56
62 41
3 43
18 27
20 1
44 55
58 94
10
71 9
32 54
60 50
89 82
8 82
0 52
77 9
55 59
43 99
53 3
10
32 36
75 26
47 82
75 87
19 4
96 11
74 18
5 48
84 18
87 85
10
82 73
59 100
75 88
34 6
48 84
9 26
47 69
25 19
92 23
90 51
10
34 25
60 81
2 87
98 49
14 27
39 68
95 13
97 50
37 87
48 5
10
8 52
83 69
20 77
70 39
25 64
67 78
43 84
96 98
66 81
47 50
10
36 55
12 7
48 20
93 22
64 44
5 12
40 36
58 35
37 95
69 20
10
37 97
30 89
25 42
27 76
52 55
19 61
28 36
4 11
23 27
81 17
10
47 50
26 85
94 53
35 91
63 34
70 75
8 71
54 36
46 62
29 31
10
49 64
18 8
89 52
96 34
2 49
29 4
29 44
54 74
9 91
20 73
10
62 56
24 69
43 26
6 48
18 52
78 96
77 6
73 100
37 11
53 7
10
87 72
8 5
86 23
77 40
42 36
67 100
0 43
41 39
43 17
4 20
10
78 16
33 21
27 82
85 64
37 3
72 52
31 10
14 43
90 30
41 7
10
79 45
1 99
17 53
77 15
11 29
21 74
17 93
54 52
70 14
33 67
10
26 53
15 5
28 12
33 7
4 19
14 61
10 23
96 18
82 7
43 72
10
28 20
46 53
78 57
99 42
55 58
77 64
65 42
36 56
63 28
67 76
10
76 70
25 87
54 81
21 39
44 45
79 90
48 69
100 81
68 33
38 41
10
85 63
40 52
1 67
31 59
94 70
39 14
57 75
68 91
29 19
87 76
10
47 90
56 21
30 36
18 23
49 71
13 45
84 71
71 54
24 11
40 28
10
7 85
98 21
36 30
27 61
74 94
79 67
12 28
62 24
7 75
30 11
10
65 20
5 21
95 48
68 99
7 7
41 62
29 96
13 20
14 82
10 57
10
7 31
59 25
99 90
57 25
58 7
91 50
43 77
99 48
79 11
93 91
10
58 65
10 85
71 59
89 15
25 19
2 60
31 27
24 46
95 14
68 41
10
70 33
84 70
21 14
97 88
17 49
79 36
20 88
2 11
46 72
41 90
10
85 23
25 93
80 63
100 45
96 80
64 47
57 49
6 55
97 44
72 33
10
30 63
69 89
81 36
32 74
62 2
69 46
90 100
80 1
44 94
97 76
10
57 61
16 97
37 54
15 48
95 67
2 27
24 14
100 19
12 29
19 4
10
69 50
74 50
11 40
40 61
41 22
96 26
38 41
75 11
45 76
100 91
10
21 61
74 27
95 5
45 20
36 57
64 59
16 1
99 60
19 1
54 37
10
90 56
6 19
71 21
48 48
83 90
98 84
4 44
39 87
10 9
75 86
10
41 8
52 48
86 16
84 80
87 30
57 76
78 2
42 61
100 52
32 76
10
87 84
94 35
53 52
43 18
86 31
65 99
100 17
48 42
19 88
99 11
10
0 60
83 89
18 5
41 56
41 60
81 14
34 74
72 3
59 63
20 84
10
66 43
16 5
53 94
74 79
89 39
99 91
80 43
23 15
64 95
76 24
10
2 14
84 32
73 4
66 58
22 94
55 15
38 58
17 35
94 96
88 59
10
27 52
22 77
94 58
40 7
41 92
36 14
74 92
62 19
95 56
93 94
10
75 72
45 59
52 76
88 49
9 26
100 35
33 62
5 16
10 28
6 93
10
24 83
33 70
42 4
57 58
71 97
43 33
38 92
20 63
81 16
49 3
10
20 38
99 54
27 94
36 39
75 41
55 22
62 13
15 13
43 84
40 40
