50
2 2 2 70 39 0
??
??
2 3 2 95 6 2
??1
1??
2 4 9 99 55 7
3?45
3???
2 5 3 95 43 30
112??
?21?2
2 6 2 87 37 12
21221?
?22??2
2 7 5 26 10 0
2?311?4
?4114?3
2 8 9 93 91 59
?7628261
7?918??8
3 2 5 74 63 37
?4
3?
??
3 3 7 56 52 32
?34
?3?
1?1
3 4 5 46 20 13
3313
245?
1???
3 5 5 96 35 26
24124
3441?
12?11
3 6 6 78 74 6
?14153
536665
63?455
3 7 6 79 61 39
5355413
25??552
6443116
3 8 9 30 28 1
8?96195?
?92?7578
48342848
4 2 4 78 59 39
?2
2?
?3
3?
4 3 6 70 27 14
54?
?41
224
?3?
4 4 5 38 37 12
114?
??55
23?3
1231
4 5 2 74 70 35
21112
11221
11211
21112
4 6 9 73 53 28
?39187
9?3272
489934
4565??
4 7 9 66 44 11
96?2?99
8821945
359?849
3963?91
4 8 2 71 59 51
2112111?
111221?1
11112222
1111112?
5 2 8 62 53 45
?8
3?
??
16
36
5 3 9 93 92 18
?85
93?
678
?83
?92
5 4 2 84 33 18
?121
???2
2111
2212
2121
5 5 8 98 74 16
47443
?2258
14637
?73?3
23?34
5 6 3 87 50 35
322?12
2??323
311?22
321122
233123
5 7 3 72 57 22
113??22
1121322
3123?21
1333322
3233122
5 8 9 64 17 0
?4785575
66244452
83351932
13481296
92745642
6 2 3 89 35 0
?3
12
??
31
11
?3
6 3 5 37 34 30
225
132
21?
252
241
?14
6 4 5 96 21 1
2415
1212
1454
3443
4?13
1144
6 5 3 36 19 3
13312
31223
112?2
32231
223??
?1331
6 6 3 85 80 43
?1111?
111213
233121
231113
221232
223132
6 7 5 92 86 46
4352415
3341251
5414132
5251244
5342225
5413325
6 8 2 71 28 3
21121121
1111?121
22212112
11112111
222?221?
2?212211
7 2 8 96 84 23
68
3?
8?
?5
63
?1
61
7 3 3 83 44 33
??2
323
2?2
111
211
1?2
132
7 4 6 47 23 10
411?
2262
5433
3126
6241
4242
2433
7 5 2 90 64 17
22222
12212
1121?
12111
12222
12222
1?212
7 6 2 94 81 33
222222
122121
2?2??2
122222
2?2112
111212
212211
7 7 4 98 96 70
1322444
4124434
34313?4
?431133
13414?1
412242?
3311432
7 8 3 40 38 34
112311?3
12223312
12113332
13323311
1?312233
22133112
1332?1?2
8 2 8 33 32 20
88
38
65
?4
?4
1?
55
?4
8 3 3 80 59 51
131
112
?21
312
31?
?32
?23
113
8 4 9 92 90 45
5728
2749
1527
6737
1982
3431
5184
2554
8 5 4 51 28 21
13?12
?2333
42412
31414
?1322
12344
3?222
41114
8 6 3 95 92 50
111232
112312
213223
132311
132221
113121
132122
221321
8 7 9 89 59 14
3642317
67394?2
6638448
466885?
9243786
3254813
744?792
?976111
8 8 3 76 26 19
2111?211
13311311
23323?22
33311321
23112223
232231?1
31132133
2232?121
8 8 7 73 49 14
65156737
53541443
433146?3
63641373
46627724
6361?627
477??251
35172641
