1000
792 5
745 23
79 5
205 10
139 4
874 6
97 9
939 14
196 5
591 15
805 5
229 8
12 12
677 11
501 13
32 14
804 15
832 36
248 5
641 36
355 4
312 15
879 55
159 9
915 14
943 23
422 20
537 18
314 2
208 16
840 6
421 34
807 30
485 23
567 14
341 6
381 40
871 2
34 22
371 7
43 4
823 4
517 5
353 45
594 6
673 9
574 15
897 3
379 3
525 18
191 4
893 76
586 8
615 22
927 9
585 22
168 16
415 11
510 23
25 25
131 59
731 7
929 14
431 20
80 6
339 4
532 104
769 4
776 23
908 6
855 11
588 2
309 18
841 23
184 2
105 4
646 48
126 4
10 10
549 33
819 13
225 7
233 14
71 8
117 5
638 31
394 5
377 20
937 11
649 58
935 8
125 6
726 11
329 30
3 3
912 19
143 13
924 21
412 10
570 570
386 24
281437 3
530934 6
149350 3
213802 2
144665 22
526090 11
329506 46
282081 2
200697 11
108365 12
327494 28
105471 18
593589 48
30064 16
490619 40
235771 20
224374 52
484847 11
5645 2
457848 12
136630 17
106147 48
43264 5
361445 4
116842 11
461429 7
498017 6
172156 25
400315 29
278877 6
175180 77
253554 8
4255 5
410175 7
597021 5
553942 23
48264 25
409096 16
108753 3
98664 20
139301 35
163253 15
124500 6
408331 17
400841 34
570775 9
565045 16
59018 6
183088 6
236157 31
260360 23
395826 8
410080 11
462903 13
508618 70
67474 14
577225 28
275441 36
121325 25
358412 12
168593 44
116092 12
342651 4
514329 7
156099 7
268353 24
89861 7
352876 15
164179 15
109381 19
198815 26
401768 54
470787 4
569155 104
41733 23
551235 17
303302 40
588520 12
505422 34
428660 7
163905 29
453533 19
70996 33
182364 36
160382 15
400643 61
534091 5
24583 42
559184 4
486613 3
479950 2
460791 3
479008 17
577280 23
71551 3
98851 31
20772 7
12338 12
282078 282078
122588 2
294705 18
337401 3
521143 28
176560 19
85833 2
139760 10
392242 28
309857 4
460675 47
387665 26
399927 7
434074 9
484875 17
594237 78
37314 43
197322 23
190470 78
234381 17
235143 5
491063 40
249671 3
499041 18
511983 5
478074 15
379199 44
335169 7
124216 5
357706 11
54526 12
67164 10
91786 55
3349 6
332677 13
353922 16
152003 14
373228 9
294447 19
307877 9
60004 4
417732 7
377572 14
448649 14
316379 3
296411 26
85652 5
12197 11
545871 54
9535 8
50533 21
440804 10
827556 16
997342 53
655081 33
781900 38
808190 3
729782 11
655152 16
897524 25
977864 39
600526 10
948361 22
906972 14
639772 20
832668 2
820633 51
976908 10
744371 24
609638 8
970886 3
941441 33
757622 12
717167 6
721675 10
782564 11
919613 78
889292 27
680842 24
951365 30
784435 5
672955 2
722011 91
998912 43
668225 7
646225 8
835564 14
792457 17
851541 16
931532 6
801281 2
904221 15
824702 5
793459 96
855362 14
634328 4
706245 5
747837 3
988791 31
615689 36
631429 631429
815747 11
761764 5
620339 16
672588 21
993850 6
654633 24
636055 6
866077 34
914156 6
714793 6
843632 23
894190 19
675667 11
798708 26
816994 12
933246 17
892137 2
871799 18
733778 31
683431 51
641339 12
687427 5
761159 29
818761 14
748275 7
735674 25
718764 2
693602 37
674200 16
699835 16
652844 3
631624 31
634749 25
824979 5
798468 7
971528 22
616492 9
914929 82
706248 14
619117 19
677648 30
866455 14
913313 55
770545 7
635808 2
631907 86
737485 31
903956 26
915792 9
669824 3
939955 28
631373 13
707593 20
770785 12
812555 14
910771 30
903470 11
662850 51
891801 8
871025 24
851214 3
820099 15
905541 4
806300 8
682810 35
616389 6
940534 3
853124 56
772228 22
634334 21
818791 13
723402 39
979984 6
604684 5
801895 20
712630 17
837123 5
864885 15
857948 33
769572 24
857212 6
727292 7
832384 13
669966 14
947310 33
759519 6
601568 24
622973 23
782912 12
706370 33
665570 16
868046 34
837995 21
845065 21
679369 12
975610 77
718843 29
925982 33
867601 8
699113 699113
871752 10
774693 6
974369 4
926685 40
747998 5
682977 2
625949 27
918633 41
639024 33
755104 67
774211 9
612290 18
781323 75
674430 17
620191 11
661580 54
885214 82
805658 14
928127 102
831601 2
645211 34
911194 10
956906 12
931508 4
712787 8
921337 40
822540 33
930978 12
832757 16
916709 24
772148 4
626669 19
956636 64
686732 9
858319 5
639087 17
896212 2
943307 25
669476 22
771271 4
902257 20
933642 9
702167 14
808052 5
883538 31
725597 29
881976 9
961961 47
613739 26
958854 18
608062 4
912509 21
929676 10
674501 39
609799 4
713520 37
611846 44
635171 15
991552 15
869980 11
941619 15
990090 50
806732 7
800099 15
909432 12
778925 2
910603 15
965393 13
709381 16
958657 57
868096 4
874957 16
650207 46
708168 22
663077 4
775845 24
700745 6
687498 7
734462 11
666454 11
922490 16
919261 47
860719 28
928396 6
645507 8
610825 2
725152 52
858689 5
757290 10
906269 7
700706 92
976414 16
611691 29
745417 15
917664 23
900188 10
785193 17
710910 19
714284 2
808234 808234
822009 2
963425 49
976554 5
964954 16
905284 22
959235 18
979485 8
978525 6
920590 19
988164 7
917636 29
993759 6
906494 10
956020 10
939382 14
913047 9
961282 12
900113 47
954767 12
909078 8
929218 27
931279 19
955311 29
925933 30
930337 15
932624 6
980657 14
912835 11
965869 5
945565 10
990230 7
932206 59
950537 4
926081 2
974809 4
980476 7
989999 7
963755 7
983002 24
905735 56
983539 4
908367 4
973094 16
942005 7
975541 3
949546 2
988820 23
902170 7
945876 10
993427 9
975563 26
987128 13
901755 9
994981 11
934773 4
950926 13
936541 12
908071 14
966981 9
963841 19
967980 5
961898 4
965813 8
996426 10
939128 4
990744 22
964155 11
907938 39
973901 20
935586 3
913605 25
957661 42
927856 8
936050 27
939100 8
953470 29
941629 21
989276 9
965850 29
955896 2
939882 21
991287 81
996045 26
962432 42
936953 33
978968 8
936033 28
954734 9
949146 6
996496 17
987929 5
999699 20
986705 14
915856 9
967497 10
958538 2
992944 4
930178 9
937698 4
952939 952939
989594 2
941218 2
905839 41
942708 22
934808 17
942193 2
948195 15
973583 25
965230 2
946339 29
947752 5
930702 10
905179 10
950210 43
986794 7
910074 15
972811 4
991876 6
985781 22
953206 35
974431 3
907583 24
934080 17
905796 9
929885 11
945893 10
913500 7
957494 4
961309 43
904722 23
929554 5
950077 5
911714 8
925214 32
989582 16
961789 85
986409 39
998821 10
951513 12
945685 19
972773 20
947130 31
973202 4
967852 22
938645 29
978497 2
938882 4
992543 4
971588 59
913521 30
931003 77
938143 11
992304 13
917504 2
903347 38
939054 7
942670 11
968623 9
915819 27
996851 8
944181 2
990636 12
963859 14
984330 3
959626 9
961046 9
903166 5
914488 5
959678 6
981641 17
988961 5
933648 3
950441 41
957738 2
914889 9
976003 3
935502 4
948002 3
944902 28
996926 6
945511 7
901029 2
901940 10
982058 10
945296 25
902576 15
917957 2
904543 80
908982 2
980394 2
929016 100
940933 21
950096 14
929265 43
967882 16
931669 7
995100 20
902089 18
958833 27
902457 902457
971711 12
956538 19
964034 2
916728 37
901688 21
941107 21
925276 10
963563 51
925570 3
998307 9
906914 22
966425 15
945147 21
943071 48
957224 13
924964 21
949316 2
969385 10
969172 11
949149 12
923520 12
902168 11
966688 5
939735 4
998795 6
912648 12
920775 75
913382 42
956168 7
915363 15
954925 10
927759 5
919798 16
969055 9
911398 33
947101 4
971550 25
923557 22
967818 16
988354 8
957532 39
965247 20
922899 3
952345 2
907603 17
963649 8
921322 29
936790 2
907334 14
943768 3
997190 8
980477 4
976679 14
952284 27
948190 18
942068 6
999795 10
950952 13
997658 8
907243 10
927352 6
942440 72
991366 29
977932 19
907152 11
987353 29
969654 70
984247 15
983499 17
916736 17
920101 18
968641 6
937689 21
966322 22
956852 5
983592 15
912866 16
905532 42
973294 24
911497 4
990817 32
927559 6
941564 11
956498 12
958360 12
982902 33
918376 6
905730 28
925509 59
981184 4
955014 15
989419 7
911057 37
945581 16
999630 14
969127 16
946276 10
932572 8
950344 4
912927 912927
903209 10
999715 18
921360 3
911488 2
972653 18
954958 17
998532 27
980296 28
943112 3
911380 11
949203 6
982513 27
959823 3
983373 7
970610 2
920667 4
960517 23
975377 15
908139 9
904644 2
978429 2
975054 14
984062 55
981754 3
947155 5
925514 30
905950 10
986993 35
983460 13
976629 43
968959 16
980528 16
960030 4
916483 4
995447 30
974269 95
957588 32
902587 10
994251 2
906553 11
945272 27
920049 3
989089 10
979991 61
970204 27
905819 42
961089 23
937364 11
914655 7
912180 5
995317 3
900697 11
947360 2
905768 20
955576 4
980234 12
958300 54
925789 7
907357 22
953124 7
984116 14
965701 7
967469 16
968149 8
938713 8
948466 19
972026 2
944338 32
916797 11
977123 24
984479 11
919403 15
963349 4
974535 37
914462 30
967941 6
919385 10
997833 6
951371 5
931981 3
925335 7
908265 33
902197 2
964960 11
955345 11
917650 7
973387 4
926972 7
941684 3
998284 6
931797 16
950913 12
900967 19
921826 10
995817 38
947137 11
940512 7
956341 19
984252 86
918745 918745
991731 10
997578 10
906205 15
974473 3
985549 4
956162 33
943541 35
955211 4
965898 36
914577 2
924933 21
967422 15
942749 3
914379 9
968882 35
992184 10
915138 37
992036 14
971223 88
993394 22
923773 13
922585 4
909177 49
949289 17
961361 37
985585 24
916535 23
935224 2
973922 31
901358 11
937112 18
936463 22
917461 37
992519 4
987822 3
904129 10
928310 3
907324 7
903916 23
925126 47
947503 5
918554 29
989517 22
914755 4
902727 6
974446 14
969594 5
935763 4
902755 30
991448 21
970560 8
935573 17
905912 21
903642 52
910903 5
922513 8
993209 32
907315 28
923379 6
998319 7
991159 31
928003 20
953827 3
965368 22
986745 4
963112 6
997502 15
983594 25
947866 66
993731 5
933895 6
960355 40
974737 13
910965 17
921476 16
987460 71
917428 46
982224 24
993257 61
926410 8
955479 13
975198 13
924729 16
958903 8
912268 21
982950 12
999944 13
952100 36
901137 20
979760 6
933297 22
916513 5
990317 24
977893 9
901773 17
937848 2
973988 10
949243 3
989981 67
1000000 1000000
