1000
1 1 0 0 1 0 0
1 2 3
-4 -5 -6
-7 -8 9
3 1 1 1 1 1 1
3 1 4
1 5 9
2 6 5
1 1 0 0 1 0 0
-74697 -94659 50856
86311 -82709 -64570
-3496 74023 -32400
1 1 0 0 0 0 1
50652 -82170 39987
33372 -50980 501
41415 -25886 -94403
1 1 0 0 0 1 0
-69394 -10326 -23018
-7304 -7133 8532
96424 25172 -11110
1 1 0 0 1 0 0
-14366 46172 -75277
18110 40342 85697
64397 -75949 93429
1 0 1 0 0 1 0
-17366 43706 94120
56992 -48073 -77123
-24115 97111 56023
1 1 0 0 0 0 1
-39282 -48154 42252
-49976 -44537 53505
-4629 41215 2214
1 1 0 0 0 1 0
25589 -87931 36628
-1535 -66131 87014
79584 26677 -95710
1 0 0 1 0 0 1
-85954 -74046 98370
99648 55683 -84078
-50678 64050 35729
2 2 0 0 0 1 1
21413 12123 13711
-90276 14757 -15784
-74094 6428 59772
2 1 0 1 0 0 2
-65275 -61548 45550
-96490 -15879 -4698
-13033 75159 69083
2 1 1 0 2 0 0
-35429 21051 -22963
13539 41321 -74174
-29880 21779 -62740
2 1 0 1 1 1 0
56422 -65902 -23974
-51649 -32567 -74861
-79087 10055 15623
2 0 0 2 1 0 1
50998 65545 -60329
-17835 81774 81894
1482 -14225 75487
2 0 2 0 2 0 0
74529 -69698 -97130
-14902 44079 -27367
-27875 -91898 98810
2 0 1 1 1 0 1
72383 17405 -8610
-50532 -60994 6520
31400 25598 -67923
2 2 0 0 0 0 2
54778 -10390 94749
91771 25291 -76418
6637 83224 -50984
2 2 0 0 0 1 1
40408 -13601 13149
-55544 56405 -17540
82915 -57960 -10515
2 2 0 0 0 2 0
-73785 79091 98843
-59294 19496 58477
24352 -63840 31078
3 2 1 0 0 1 2
47405 -51601 -53291
-98101 58450 34514
-99661 75391 30810
3 1 0 2 1 1 1
-94544 6047 -15337
36242 -73453 -50634
-25047 -8779 99395
3 2 0 1 2 0 1
-44208 -80198 -51805
82427 47182 58776
24721 -92028 9233
3 0 0 3 0 1 2
95602 -5238 46851
57696 -14228 48416
14324 66005 61380
3 2 0 1 1 1 1
-61481 -73087 68798
53814 -22710 -59431
43836 -89361 69333
3 2 0 1 0 1 2
-55215 25842 -84422
30654 -83988 -75261
73963 -27518 -57229
3 0 3 0 2 0 1
-97094 48594 9467
-45537 41288 26832
11565 18958 -21674
3 2 0 1 0 2 1
-36257 69522 28932
41584 29779 -15791
82551 -26191 4817
3 0 2 1 1 2 0
-26644 -36132 -89250
-59201 -10278 -90104
33178 -39016 -4274
3 1 0 2 1 1 1
55571 -31030 -2273
-84603 72536 96454
-40403 -35699 -37068
4 0 3 1 1 1 2
15608 -89735 -2679
-64570 46378 47938
76258 -57029 96109
4 4 0 0 2 1 1
-17417 48876 60326
45135 -70805 -67169
-75976 -43722 21587
4 2 2 0 2 1 1
97192 93756 62794
95208 25607 -71975
70709 -33874 -97148
4 1 1 2 2 0 2
89541 -26305 -7370
8861 62007 -46081
-9292 67107 39162
4 4 0 0 2 2 0
-8948 92095 24515
48872 -32460 -76423
-20918 -72221 -99981
4 0 2 2 0 2 2
-85725 1136 40759
-25107 40436 -77037
60208 -33141 -49524
4 1 1 2 1 1 2
16357 -61541 1481
-41729 94630 20134
-55059 14662 62108
4 2 0 2 2 1 1
37588 84658 33656
37979 63930 47066
-53102 26541 63406
4 1 1 2 1 2 1
16394 -68850 -6904
84542 -71281 55639
58170 4180 98105
4 2 0 2 0 2 2
-20065 -83433 -82319
-79136 12501 83766
-4547 -62524 42710
5 3 2 0 3 2 0
81900 8928 65952
1896 13759 -66887
41831 -83209 1848
5 3 1 1 1 3 1
30889 45155 -60166
-49803 -29531 87455
77437 -86069 86966
5 0 0 5 3 1 1
-84772 17594 76326
-4971 41694 -96450
32622 -65346 -30976
5 0 3 2 0 1 4
-6261 21948 -60955
24498 -72687 -95042
-69746 -34254 -84238
5 2 2 1 2 2 1
89611 13769 40804
-53407 13550 95865
53692 82565 -54109
5 2 1 2 1 3 1
9669 62302 41665
85925 -33703 -48589
-55757 -15686 -51425
5 4 1 0 1 2 2
68808 -7442 26428
76390 -44561 75668
-51231 -35631 -58859
5 2 1 2 0 2 3
82274 -69255 -35398
-32863 75499 -66997
-65696 -34469 -60648
5 2 3 0 2 0 3
44689 45394 41168
95918 -2384 82375
44128 -1817 48478
5 2 2 1 2 1 2
-99744 4360 -81048
34111 19849 96137
95039 22260 7531
6 1 3 2 3 0 3
79292 -5272 -66938
63927 -33466 3915
-33918 -10540 -84927
6 2 3 1 0 3 3
62377 -5847 42657
-74393 -26548 -12615
2211 51304 -6748
6 1 3 2 1 3 2
-63891 90081 88917
-70906 -45173 11485
-31246 -89370 41638
6 3 1 2 3 2 1
-33341 -58000 43866
-89873 -40854 -95933
21324 25590 -34720
6 2 2 2 0 2 4
-54879 -4305 -39348
-67913 -33874 -50024
-34568 62429 11031
6 3 1 2 2 3 1
-79483 51241 72728
28973 -59381 86300
-66952 -83167 -50064
6 3 2 1 3 0 3
-23052 -59741 -30274
-54853 12739 45113
-99992 -9531 -15342
6 0 4 2 3 1 2
68009 -75692 58610
53276 -44138 -19002
-39147 -21409 -2256
6 1 2 3 2 3 1
-24661 79962 58650
-18191 -37153 93464
-15805 -81623 -94280
6 3 0 3 2 2 2
79482 -97877 85745
35711 -53980 -84247
42004 29644 -62736
7 1 2 4 2 2 3
54295 86476 20755
79567 -13108 -87650
65738 -31105 98901
7 3 1 3 2 0 5
-20759 96735 95731
33185 56864 -93706
-22277 68293 -30064
7 1 3 3 2 2 3
70712 218 90578
-25377 -24625 887
-28342 -88974 57526
7 1 5 1 2 2 3
75728 97169 74544
-83370 81439 -42504
8958 -99762 80145
7 2 1 4 2 2 3
5439 -23576 10469
-50154 80500 -67231
26967 72996 -38031
7 4 2 1 2 1 4
69171 26481 10353
47540 52010 21745
23809 -70969 -86396
7 0 1 6 1 5 1
-97788 -60648 19021
-99481 69751 18989
-72335 56252 96987
7 3 1 3 1 3 3
8072 -7332 59987
-13245 83538 72107
11855 50423 299
7 2 1 4 0 4 3
-89038 73185 -12921
-92833 -67292 48042
3085 78346 43390
7 2 2 3 1 3 3
-99900 -37866 79942
33533 -87166 13555
-28552 -19802 13070
8 4 0 4 2 6 0
74901 93890 -78088
-39406 40999 -34308
99652 -36249 -74372
8 3 4 1 5 2 1
83178 57527 98378
95577 -9615 96738
47011 51535 10756
8 4 1 3 2 5 1
-68008 1686 -75894
-73897 -35486 50003
-29568 1394 76657
8 3 2 3 0 5 3
-52681 -57342 99278
10592 41863 -88484
1859 94641 92955
8 3 3 2 3 2 3
-2895 -87342 -76282
-57778 29523 -33121
-9112 86343 55707
8 2 3 3 0 7 1
-18410 76420 -26531
-86005 29480 -28633
12591 74045 39592
8 0 7 1 2 3 3
-70988 -58827 80169
-7205 -10465 55905
86394 41250 -82566
8 3 3 2 5 0 3
-35824 67831 94372
-1783 -97262 -73591
84687 63816 -80139
8 4 2 2 2 3 3
95095 42247 13234
-45457 -10466 11689
62486 -11334 90517
8 3 2 3 4 2 2
32336 33569 93523
-12429 12792 55615
-3539 18746 51132
9 1 3 5 2 4 3
47590 49720 -76436
87443 8147 -12702
999 -93568 96162
9 2 3 4 3 5 1
93898 19693 -65092
-52223 -22388 -1364
-87816 -32761 10345
9 3 3 3 3 0 6
-39652 -56557 1797
-37843 98179 33097
36671 68864 71316
9 2 0 7 2 5 2
-21378 30968 -68450
26400 53056 -93266
-29517 6439 47910
9 3 3 3 4 4 1
56410 23420 32698
99651 -81385 85008
45245 60114 -66905
9 2 2 5 4 3 2
37915 75058 -25133
-78897 20519 77228
-7851 -12220 86364
9 3 3 3 3 1 5
34866 -98750 23471
13895 -22012 18832
-58702 80414 -9799
9 1 5 3 1 2 6
63752 -76816 10957
46523 -54362 44827
48904 -63326 -62995
9 1 3 5 2 4 3
96972 81882 -97327
-98811 -60782 -48105
-54991 55879 -22202
9 3 0 6 3 4 2
-4516 69881 -45150
-70647 -45136 85940
63407 60078 -15757
10 1 5 4 1 8 1
90532 -71583 59560
94966 -96217 506
21929 39000 -61015
10 5 4 1 4 3 3
85986 -56765 3329
-2241 86863 63109
34897 -2966 39471
10 4 6 0 0 5 5
-64595 96247 4801
52237 2879 2915
30934 -84133 -77853
10 4 2 4 1 8 1
65413 26924 -11543
5455 98640 -64146
-64713 13616 23117
10 4 3 3 2 4 4
98848 -12460 55456
82023 85623 -90630
-61240 -44561 41307
10 5 4 1 0 9 1
67542 88373 -26679
-18046 17632 -47715
-63714 35053 59713
10 3 4 3 6 0 4
61602 -52209 -17306
-32506 69722 -60200
74311 -674 65637
10 6 3 1 2 3 5
-28801 70705 -93972
56079 11646 27484
-29940 -62779 95291
10 7 2 1 7 3 0
81620 -50078 8251
-51570 -25310 -61101
47300 -83316 6744
10 2 3 5 0 3 7
9766 95356 78568
75926 -28640 -77614
40207 97664 -30415
10 3 3 4 3 4 3
85761 -29121 92616
-96181 62522 58429
-51423 82380 4375
11 4 4 3 3 6 2
-63468 -35888 3069
-92295 -15312 20304
65936 44149 -29612
11 5 2 4 2 5 4
-4037 -5825 -63244
-48883 48157 84041
-60506 -55237 10554
11 3 2 6 0 5 6
-17855 80184 19440
11461 67272 -28463
79786 -19284 -76604
11 5 0 6 4 3 4
-13709 35653 82545
-14022 -11547 52057
91815 16886 -94830
11 2 5 4 3 6 2
99377 12372 14517
-40647 60249 -44667
-17771 -65842 52267
11 5 3 3 2 4 5
-18389 85173 1707
-94109 79001 -92169
-12157 53284 -58134
11 4 1 6 3 1 7
7599 -17847 -31434
23560 15174 5366
-80157 74670 92714
11 7 4 0 1 1 9
-11902 27221 79562
52421 27494 -15370
8194 74639 -3635
11 1 7 3 1 5 5
-58797 78464 54774
59986 61383 20173
43403 64482 25272
11 4 6 1 5 1 5
18575 -54889 81181
86729 60186 -454
-44833 -96476 88649
12 6 2 4 3 6 3
-19322 94891 -147
82600 10601 -75416
-41934 -59670 81880
12 6 4 2 9 3 0
28812 -93830 -18725
-35130 -70541 80996
20068 55236 77045
12 2 6 4 5 4 3
12034 -95752 -40350
-77179 52069 35381
-2272 39639 10066
12 3 6 3 3 7 2
79342 -99252 -24523
36847 -55653 -2006
-11366 -42168 -34923
12 3 8 1 3 7 2
-99655 30736 -71136
78512 -27783 -81715
-76242 -74736 -19519
12 3 4 5 5 4 3
-90526 19155 -67372
66399 -56703 56216
51224 42394 -71899
12 3 6 3 5 7 0
-73353 90058 -23114
19881 62469 82028
-47318 -409 15957
12 9 2 1 7 3 2
-24004 -12775 31786
-23608 52022 97288
35490 -24390 -22185
12 3 5 4 3 3 6
94710 47947 -43650
-48972 43927 -84374
56022 52243 -72975
12 3 2 7 2 5 5
92480 4450 30777
79267 61389 85408
-35857 44853 65675
13 7 3 3 5 5 3
44911 -47366 70102
83176 -11447 -25914
7500 11593 -31714
13 5 1 7 7 4 2
6160 67611 93720
3723 -59583 72243
56615 -15931 61925
13 8 3 2 3 3 7
-31763 36641 25493
-30651 63891 87388
-21396 -60181 -31643
13 7 5 1 2 4 7
7466 29316 -99271
69026 -43973 -99698
-25252 -65070 -52987
13 3 4 6 6 3 4
55415 -93178 -38446
50955 -49985 -58039
-68494 67410 -41956
13 3 5 5 4 1 8
78340 -24288 -80452
-65604 22973 86168
35945 -17346 58500
13 7 0 6 3 4 6
79425 10308 -45233
-55576 -58471 66804
88280 -24575 -12583
13 2 6 5 0 9 4
-72785 10292 10888
-20209 -71798 -97683
74870 56508 86729
13 1 1 11 7 5 1
-38445 -5013 5084
-96233 -53573 3652
54455 -40175 -85302
13 7 6 0 4 4 5
17840 25848 24237
51950 88678 99579
38824 -77725 71917
14 7 7 0 5 1 8
75479 43877 -67334
22760 52158 -49329
-64799 -85283 70978
14 1 5 8 6 5 3
-19835 -14425 -90815
-89632 10622 -28269
41440 55778 -57759
14 4 5 5 5 7 2
22902 -55668 -38800
3813 39552 -23515
83065 -58980 -35550
14 6 7 1 5 4 5
-12672 -38899 -86427
-16860 -14942 76835
382 76060 -99479
14 6 3 5 2 6 6
62022 -21235 -49697
-18935 -81753 43197
-93401 -82562 -35843
14 4 2 8 5 4 5
91457 86893 -62860
-22406 -94624 33016
33626 72362 35107
14 2 7 5 6 1 7
-39915 -71703 2549
64057 76424 -17055
81432 84030 -31779
14 10 0 4 10 1 3
37454 82961 76369
37435 22177 -86766
71188 85753 -32873
14 7 0 7 3 4 7
-10533 89846 -96330
-56757 23986 30671
-19011 -7593 -55297
14 0 8 6 6 7 1
49340 80363 35193
24871 35762 1956
96182 56888 79193
15 12 2 1 6 8 1
40510 23431 -71700
46979 -35756 50878
-15673 34908 85385
15 1 6 8 4 1 10
-39833 58261 -85313
1423 40116 1714
76076 -92848 -23227
15 6 2 7 4 6 5
-78213 -58658 3466
41371 -23460 -63400
95727 82635 73703
15 1 4 10 11 3 1
-20570 -81697 82298
-95033 32468 92889
52759 56068 -61068
15 2 11 2 5 5 5
-64187 -97220 -47103
31936 37243 64868
-45702 -23908 -51359
15 6 6 3 3 6 6
85877 44278 45526
-21785 39021 -46247
2500 6148 90364
15 1 11 3 3 9 3
96830 25424 62469
-22603 29649 5776
-89456 37058 -42490
15 10 1 4 4 5 6
78155 34634 -90964
20415 66704 -74522
79167 -13217 22451
15 6 5 4 7 6 2
-52220 -67318 -80116
-35801 -54241 3987
-70941 -39284 70474
15 6 7 2 7 6 2
48768 763 -20204
66159 -90726 79613
77831 -64148 32310
16 6 5 5 0 8 8
-21407 -11238 -47951
-37473 -54332 -6412
-26537 20706 -4588
16 4 6 6 7 6 3
-42627 -36499 13984
-13900 20087 57161
92082 -26002 -39429
16 8 4 4 8 6 2
-49489 32706 35298
-47650 80428 86628
87598 71632 86925
16 11 3 2 14 1 1
-6617 -60629 37722
-13022 -30020 -47426
-76737 -93881 90524
16 5 6 5 5 6 5
-79359 58953 -50018
-92850 -54855 19983
27963 82162 -35976
16 6 10 0 1 10 5
25079 -86923 -70388
38344 -86805 19603
97181 -9530 5963
16 5 10 1 5 8 3
-72439 43592 -82824
-32845 -97641 -16652
74582 -60829 26497
16 9 4 3 3 6 7
85604 24691 -56141
3031 -77992 -86379
-73680 -4408 -93092
16 6 3 7 8 7 1
29857 65924 -11930
69836 46295 62742
-19822 -52160 12276
16 8 2 6 7 0 9
-72242 -38394 17575
-46122 -85605 -69480
-34557 -2369 4251
17 5 8 4 6 3 8
30263 -41211 -65607
2285 75438 31080
84239 67283 -66110
17 12 4 1 4 8 5
25776 -77527 68777
-16754 56853 89415
-79240 -42203 -50960
17 9 4 4 4 12 1
-61950 -23871 77632
-30348 44376 -22917
-26696 -44525 25218
17 6 5 6 7 4 6
-36731 -8421 54089
63002 -69704 -64213
84448 60460 61902
17 5 7 5 10 0 7
-20774 -34100 66043
58463 85971 -94090
-22445 10481 -20426
17 7 3 7 9 8 0
-70072 -94688 42056
27543 66744 -37436
77610 -35717 26978
17 7 2 8 5 6 6
-24019 -12156 -50918
-49268 55548 15533
-76020 -63725 84880
17 1 7 9 7 4 6
-16675 -58587 29510
-87197 60645 -66646
-78216 -49361 30019
17 9 3 5 5 5 7
-96222 61856 -50561
18133 50178 -37434
-21427 58100 -28481
17 5 5 7 0 12 5
-18872 54555 -5152
-21154 -11468 53711
-91778 -40702 75736
18 1 10 7 11 5 2
-24362 -3291 45184
-64927 -49303 11266
-91143 -7753 14406
18 8 9 1 6 7 5
-80265 1290 26725
55468 23420 5649
-70396 -7772 51597
18 9 3 6 7 4 7
-38150 -19795 -50521
-9068 3736 -97821
39535 -7779 80893
18 9 9 0 6 6 6
-92548 92399 93395
-89713 -57935 66442
-93310 -35207 -58773
18 1 17 0 5 8 5
92383 94434 -4763
2768 97845 7113
-13421 -18430 19609
18 2 8 8 8 3 7
92684 43979 -60228
-68806 -28131 57795
-13311 66371 -2814
18 8 1 9 7 0 11
31819 -37042 -15237
43251 67023 76336
179 -30588 -85353
18 2 10 6 7 3 8
-67573 23304 -30596
26008 46675 -95809
-76133 89180 58351
18 2 1 15 3 6 9
-93750 20938 -43979
81990 11811 -75162
29320 88212 85047
18 5 6 7 1 5 12
-23957 72783 -86865
86104 -61868 -47882
-85077 -70716 -66684
19 9 10 0 5 8 6
-24995 -21122 -18684
84763 -51059 -91165
53087 -27545 58881
19 4 7 8 4 10 5
88731 51357 70746
58858 -26215 92925
-92055 -62598 -62760
19 6 8 5 5 3 11
49342 12758 64795
28450 -90253 8747
-30989 35200 67415
19 7 9 3 3 13 3
-40622 98948 -31813
87798 -61667 94189
-55045 36114 -1317
19 1 9 9 8 6 5
13087 -29949 17020
-65471 -37690 -23650
4145 79615 63000
19 11 2 6 14 5 0
19370 -18925 -39108
-82136 71663 -58635
-4055 -84982 51853
19 7 8 4 6 6 7
89829 65108 4146
77009 -74058 24822
-66183 -79730 85831
19 5 9 5 3 7 9
8358 98254 44206
-87676 35188 -7625
-98690 53595 -83297
19 5 7 7 10 2 7
-6076 14313 7723
-1506 62060 45546
6972 39841 -96535
19 10 3 6 1 3 15
-50855 46090 -41893
-68567 -30002 52426
10875 -3655 -25715
20 5 6 9 8 11 1
20570 -53207 23759
-55765 -20549 -1117
69446 80466 -79808
20 6 7 7 10 5 5
-33031 94850 -33639
74266 12327 -24272
-63417 -72917 89591
20 9 8 3 5 6 9
-71728 3972 -83222
-17656 -58599 -35781
-21877 -17174 -30793
20 10 0 10 7 6 7
-19938 -60392 94940
70443 -81378 -88125
-232 -80994 -51559
20 6 8 6 2 10 8
-43020 16907 -49006
-47146 -90471 73273
64072 -39874 -65012
20 4 7 9 9 2 9
83399 27054 -61741
33956 79979 38735
14290 87937 -74846
20 7 2 11 4 7 9
-32520 26987 -84931
-88238 -83824 99049
97533 -38657 -35856
20 2 9 9 8 4 8
-31029 26736 -84512
-80496 -5840 1752
34343 4296 -43893
20 8 7 5 7 11 2
5309 51600 50390
63589 8484 -1453
63446 -1221 -26610
20 7 6 7 9 10 1
90014 81037 -15014
-10104 -4116 32230
3557 -55337 20840
20 4 5 11 3 3 14
-40141 -45878 -14723
98089 -43017 -31449
5075 -3293 -83874
21 9 4 8 3 6 12
-31897 -50930 9752
23862 30795 -19938
-18805 52931 -72364
21 0 10 11 4 7 10
91606 -95285 -25583
-29378 12826 -5701
24027 -5084 -74828
21 3 10 8 2 14 5
24553 -4528 -16373
-92302 54254 71448
-19182 39668 29429
21 12 0 9 11 10 0
-36503 31388 -56783
13504 86464 -60145
7899 89039 77280
21 4 14 3 2 5 14
-86872 76413 -18585
-41118 -74528 17627
29250 56804 42122
21 9 9 3 6 8 7
28110 -81659 -83124
53081 -84913 20285
43510 -9466 -49960
21 3 3 15 7 8 6
93926 49540 -86931
-86935 -12310 42649
-83072 6315 -31186
21 9 3 9 5 1 15
-89137 -27089 -25560
36306 -33738 -99529
-2225 -20905 40725
21 7 7 7 3 12 6
49889 -22271 84050
48763 92574 94358
10614 91619 -53950
21 13 1 7 4 6 11
36275 -86715 79680
-36666 -49327 25880
82136 -76875 64072
22 8 10 4 7 6 9
1153 92336 84612
-50517 -21793 82682
-13992 21507 56101
22 10 10 2 11 6 5
14949 33331 46200
793 86156 64382
-57527 -36975 -15495
22 5 8 9 11 6 5
90737 -71645 43595
53016 70604 -89169
54106 -80303 -89480
22 1 18 3 0 20 2
-17125 -61713 -83897
-91096 -69510 -97152
-96013 74361 -66687
22 5 13 4 16 1 5
-85332 -18753 -1982
-49065 -54736 -21921
-18980 47323 -60612
22 21 0 1 3 8 11
-82405 582 -12163
57362 69549 -57539
89307 -57225 -24337
22 8 10 4 8 13 1
-34670 72807 43468
-31576 32297 -6158
73270 -6376 58362
22 4 14 4 8 4 10
41662 -93171 -67151
54727 -23929 -35144
-23768 -93818 -37394
22 4 10 8 11 5 6
-79116 55683 24932
-26680 87971 88519
-73612 -8943 85200
22 9 2 11 3 12 7
-72653 -70952 28532
-60879 30917 17889
34333 -25902 59789
23 5 12 6 9 11 3
88701 11534 22062
39227 82836 -26457
-85671 85458 98632
23 11 3 9 4 18 1
-95227 -64643 -33687
-79422 -79548 -67864
-20105 77752 -83838
23 10 2 11 12 7 4
-27452 44271 -74647
-1704 51572 -2955
-806 23567 56336
23 21 0 2 11 10 2
-28060 -29528 93319
-34936 -45745 -16309
8299 67766 -5702
23 4 1 18 10 9 4
-69313 -51315 96080
-74314 -13078 41891
-32433 -13669 33334
23 5 15 3 11 10 2
-46232 72088 -10044
96542 72448 46861
-3375 -18774 10435
23 7 10 6 5 12 6
12236 -3228 78227
55275 -75021 -22694
10339 63420 81017
23 4 12 7 2 11 10
76205 88335 -12499
62041 34558 -90267
75754 -6637 -20336
23 2 14 7 7 10 6
97989 -46985 -97178
-3681 -48329 21862
-68015 32180 -11679
23 5 9 9 10 8 5
37731 -79923 -23362
18892 -23053 97826
94638 78139 -5192
24 12 7 5 11 7 6
-3101 -97080 82380
17614 59566 -8941
97965 82630 71721
24 10 6 8 10 4 10
-95710 -66863 -94967
70600 20537 -12885
-20423 -65169 -84161
24 12 7 5 10 11 3
22020 -27741 -60693
92202 68757 -64803
-52869 72219 -78442
24 8 15 1 6 13 5
-44134 50395 93115
-53489 -81556 24932
-90243 -14848 -10935
24 7 13 4 5 11 8
-36776 80676 22515
80872 -95621 -71717
73214 4367 -44001
24 8 11 5 12 10 2
-81001 84443 -29017
-51337 -29380 20425
69290 -14357 48916
24 11 8 5 3 17 4
-22489 74855 44136
-19535 -10360 -78549
93 -33079 -79780
24 10 6 8 2 12 10
13541 -42640 -31481
-15578 -5286 51596
-99967 -11360 95635
24 4 4 16 8 14 2
965 10275 48107
95037 -44831 -95544
-16486 -7598 13510
24 5 5 14 14 1 9
-17457 91826 34450
-75414 -95456 -54650
35898 36832 -27652
25 14 7 4 12 5 8
38532 94428 -23535
-31863 -38647 85936
96367 65153 36397
25 19 4 2 6 11 8
-81395 -49384 87601
-10842 74285 42461
79902 16889 28135
25 3 13 9 9 7 9
1404 79131 -49983
79182 15581 86642
40634 73744 90075
25 8 7 10 11 4 10
-98732 15592 -69490
48881 91298 81412
-61750 47617 -64038
25 6 10 9 2 16 7
63332 85331 76612
24345 72040 10992
40799 -70316 92669
25 16 9 0 8 7 10
77951 3295 -14838
-5959 -79771 24784
-69659 80934 4558
25 3 10 12 9 15 1
73987 -45174 -63026
75179 94094 12719
65952 59127 -56471
25 12 1 12 8 4 13
-80993 -4692 -59957
-22401 28789 -46338
46988 -40713 -32456
25 13 11 1 7 11 7
-82292 73 80320
53229 -78106 91386
78546 70897 28732
25 14 8 3 10 9 6
-88099 -82240 -98361
48914 64747 52262
26085 -12733 -64750
26 9 6 11 4 12 10
64243 -16695 -17772
62327 66067 -58254
-69615 86947 54548
26 1 12 13 16 3 7
-49152 -87419 -85809
15067 96011 1319
-73771 -74469 -4105
26 4 7 15 9 12 5
16229 -32063 83302
82778 -74075 56494
61416 -95346 12066
26 7 5 14 7 8 11
80679 39619 36239
30251 -53988 44234
94305 -68708 79923
26 6 10 10 11 15 0
-75422 18118 58077
-57713 91123 95799
-36407 39847 55394
26 15 1 10 7 4 15
-99484 62522 8208
36534 -20027 -4190
-65616 88757 19803
26 9 6 11 0 17 9
-14945 -4046 63451
-27383 -39402 -34540
-96937 11342 -63340
26 8 10 8 16 4 6
-79404 -98706 3436
-32823 -91308 33910
-59060 -80989 10400
26 11 6 9 1 11 14
-77253 -10662 95052
-70271 20993 87887
77134 62083 -30754
26 7 6 13 1 24 1
-43417 96244 35681
35475 -67527 -86055
44041 6421 96910
27 4 15 8 2 14 11
99355 28895 46304
27647 7332 95110
3197 22330 63215
27 14 1 12 14 10 3
-89838 30112 -72595
78406 23067 43007
-70995 67141 27648
27 7 10 10 12 11 4
-24103 30425 64417
70752 78543 76260
67017 96323 -25720
27 12 2 13 16 8 3
-38363 47266 13636
21278 -88078 17294
51303 60580 39319
27 8 12 7 1 13 13
38082 88710 -65304
90617 -7017 -90036
-47138 -38059 88464
27 14 9 4 17 0 10
38701 -39655 -8952
63091 8380 85645
-99939 56391 1525
27 11 9 7 8 11 8
-99713 -72967 -25509
-98732 -35369 -56457
79941 -23967 71546
27 12 13 2 11 4 12
40174 -74183 98702
6712 -58069 1522
78380 22100 -25711
27 7 12 8 7 18 2
-67886 82857 -9155
-90606 26238 -83849
94237 8115 -39565
27 4 6 17 17 6 4
-25805 -73189 -65268
15750 -84883 67850
-43968 50016 -80793
28 1 14 13 10 10 8
49908 76345 -29235
-14983 70738 58618
52088 -99349 -27080
28 6 20 2 5 8 15
40400 4896 79000
30412 70808 -42854
-13888 -30092 13744
28 24 2 2 13 3 12
10729 94765 66140
-53683 1511 -40037
85643 -47373 -80994
28 11 13 4 6 6 16
-69209 -70815 94381
76987 42457 1728
-73908 77797 31129
28 8 10 10 12 1 15
52375 -23940 -37769
-31061 -94248 -64251
86600 -45252 19980
28 8 10 10 10 9 9
7599 -56220 10130
24811 91211 44473
-64998 -19979 -74668
28 1 17 10 3 12 13
21845 -21691 96048
-27651 -3135 95089
-52307 63021 86278
28 3 14 11 22 4 2
69929 67172 62611
-45804 30928 -77394
46554 47079 -16060
28 20 6 2 9 5 14
20193 4616 -59408
-44337 50108 2410
70218 94492 -85303
28 9 15 4 15 12 1
66233 -44016 55708
48827 32336 78387
50000 33087 64297
29 17 6 6 4 4 21
99261 65152 22660
-54616 81027 60080
91837 6155 -70401
29 7 4 18 10 18 1
-46719 -55218 95916
87634 -30337 -61143
-45707 -35538 73137
29 8 7 14 3 14 12
-76114 46642 -33561
2206 -97665 28119
-95141 -13772 -83536
29 2 10 17 3 19 7
-23579 -73865 -11075
-38457 -75634 -11175
-70133 35599 78657
29 13 5 11 20 0 9
79707 -93572 -46393
8760 -25114 -13825
-18222 -5996 42969
29 14 2 13 4 16 9
23500 -16073 -88753
-62281 -81100 -22249
85863 -28372 -6747
29 3 15 11 2 9 18
21243 -25774 -75138
1239 -8379 18697
-54209 -63250 -15785
29 7 19 3 2 13 14
-13937 -44848 77972
15671 -32236 94024
-78038 -70819 -74713
29 1 15 13 12 14 3
-761 -10219 -30458
-56642 -13138 2042
-44215 24339 -23172
29 17 0 12 23 1 5
73463 33122 -27900
58167 93057 -73883
13541 20589 -71757
30 9 7 14 12 1 17
-84635 94766 83340
28405 41005 -81042
-19267 -89903 96768
30 0 11 19 22 3 5
-5793 20137 5449
685 82009 44915
77840 -72199 60478
30 18 2 10 4 16 10
19663 -80597 41124
-76427 -94017 7528
-51949 -49187 -85941
30 4 13 13 12 8 10
-61633 34718 47040
18700 33605 -17463
-90857 -44195 -38055
30 12 16 2 14 2 14
69455 -31657 -10443
93778 88591 -76132
-47059 -49391 56670
30 7 5 18 12 14 4
44860 48251 -79390
5929 -14400 -23923
-59101 96745 -68520
30 14 1 15 9 0 21
-86453 -46757 -43980
-39532 98653 -43318
18561 -71193 -25776
30 9 6 15 0 13 17
-35067 -91457 -90932
-73634 32753 64142
44455 -19535 36639
30 6 10 14 19 6 5
60319 4638 -18410
38977 -73236 27540
92718 -16899 2996
30 10 11 9 1 17 12
72168 -32002 -51652
-45472 26739 -22329
88781 28410 -10668
30 8 3 19 23 5 2
-41701 -26878 -80737
95213 84353 -88417
-80095 93500 -65924
31 13 5 13 8 10 13
54630 6434 65725
2689 -34903 14409
38393 -6563 72449
31 15 2 14 10 9 12
8225 71399 1363
-73377 -37975 43845
-17607 -14245 3940
31 16 8 7 20 2 9
26293 6282 49658
-88741 90905 -53912
79960 31974 71664
31 8 10 13 20 10 1
44753 -51381 -28313
97456 -31695 40202
-29423 54821 -73242
31 9 12 10 13 15 3
45230 55390 -94439
-43853 71203 -22764
-71034 65921 -42384
31 1 8 22 15 6 10
31280 16038 23344
-39699 56903 -64145
70496 77890 46561
31 14 9 8 5 9 17
17908 -6833 52663
71828 -27864 34750
-9149 41148 -13148
31 14 4 13 10 7 14
98936 42981 -42666
-76736 88120 -70229
-80545 77605 41135
31 2 21 8 15 8 8
61767 63196 -3634
-36167 -3964 -66919
27729 12059 79076
31 13 8 10 10 10 11
68774 73133 -89237
92912 26508 -97151
-80889 29711 -11672
32 15 14 3 18 2 12
64101 -55341 -57388
10571 -144 21020
-61397 -71384 76452
32 4 14 14 7 10 15
-6282 -70802 -20274
18753 -51515 10122
77924 40327 63408
32 0 21 11 14 6 12
-75508 -28240 5712
5248 -79694 -75115
65883 -86532 -48945
32 14 2 16 13 6 13
-83937 -31981 63041
22783 51632 -70826
34338 1133 6454
32 8 12 12 22 2 8
-35924 24749 63450
63099 38984 94358
-50544 88154 -11522
32 13 17 2 3 9 20
34886 21377 -72818
1728 -77509 20724
66038 90380 -89686
32 6 14 12 5 15 12
48093 98062 -67866
-77628 51111 -42547
27366 -50692 81050
32 6 25 1 15 8 9
7172 -43019 36757
-85186 -95918 -92133
-72935 -83324 -31696
32 13 14 5 18 4 10
-71160 26205 -55665
-22437 5646 87925
-64755 -61169 -80847
32 11 11 10 13 9 10
-55109 92067 11878
-67869 -98514 459
-18519 78658 -76986
33 10 3 20 8 13 12
-67356 -20609 -4365
75261 -29924 -55233
62787 -98495 -44726
33 13 20 0 20 9 4
45262 -2359 51564
77698 61276 51596
-52158 -50774 -59350
33 0 14 19 19 10 4
55998 -9065 -34225
92794 -14103 97019
-9267 146 -71222
33 23 7 3 11 3 19
-49859 97256 62432
-99071 -14491 -30114
55847 39584 -45746
33 5 8 20 6 18 9
97575 -26813 -85795
31339 77134 73429
-30423 -35411 28191
33 19 1 13 13 14 6
28478 -47428 -65244
11586 26811 6031
31629 47079 72800
33 9 19 5 7 14 12
81542 -12678 -90540
80257 -2282 -82993
38856 -15095 42036
33 12 14 7 26 1 6
-45174 -800 70980
1342 -60108 46748
-16377 -91173 -61956
33 13 14 6 10 11 12
5815 -69761 -30923
42911 56610 50536
-31932 -65506 -30807
33 5 18 10 20 1 12
23928 97620 -1099
-27319 23385 -71759
45441 -41757 42431
34 10 17 7 20 11 3
-17573 -29717 68676
78624 -25392 -73952
-550 79902 11637
34 9 12 13 14 5 15
37589 -49040 77277
5159 71891 11900
-74551 -36247 54739
34 0 20 14 17 14 3
-44907 -2915 -9088
-87807 61332 -98265
-94620 49450 -8349
34 17 4 13 7 16 11
-18833 -62363 -30584
30015 -8988 -7590
97583 -52475 -23224
34 7 12 15 7 12 15
-68475 -38344 40280
-64592 37612 40848
55720 94175 -83519
34 7 3 24 11 11 12
36735 14958 95130
-24488 -15876 5980
16022 -33575 95719
34 13 18 3 30 2 2
-71581 -61783 -39613
-68693 -49094 -85608
48446 -68065 -60557
34 18 12 4 11 12 11
81688 40458 31768
41770 -52613 -50275
-15494 -93197 -81856
34 21 13 0 11 5 18
17029 -41649 18998
-4543 -15014 67906
34192 -65495 -6505
34 12 10 12 7 25 2
16221 17565 -38226
91889 65459 -43374
-10848 -99078 -31759
35 25 4 6 19 6 10
-50482 53639 56674
49820 -48262 -75146
17970 -16334 25772
35 7 5 23 15 12 8
53302 -5028 -67638
-17416 -69894 80146
68859 -58474 -48494
35 20 1 14 8 18 9
-31375 -50551 -87303
22366 -44680 -6249
16705 -61970 -47498
35 12 15 8 12 15 8
-19239 -27955 38833
89299 -2964 -76774
-68800 37883 95965
35 17 16 2 11 24 0
-71356 26673 -69464
-99306 -4733 -79758
17063 97461 -97954
35 7 18 10 1 21 13
-4901 19955 -68219
50058 43653 43695
-69695 67647 -57330
35 8 5 22 18 11 6
-86634 62828 73614
67781 -96644 -29431
-16429 -57712 -74099
35 16 12 7 26 1 8
20348 -32872 -80018
-8515 -52544 79956
75529 9766 18538
35 12 12 11 12 14 9
-76074 -8402 39241
-55799 -82351 84169
42958 78433 -93382
35 10 19 6 2 17 16
-82927 -13556 13405
92854 -35112 -85575
-76187 34877 -74568
36 3 15 18 21 7 8
-41819 47682 -61148
-21861 -80020 -34246
-26725 -84807 -38419
36 19 0 17 11 8 17
26765 -69454 -93831
-5455 -92280 43587
-61719 -77092 -17023
36 14 11 11 18 13 5
15554 65282 88489
-60234 2116 79539
-36999 -35569 -86510
36 8 11 17 15 11 10
-94389 -28052 32035
95510 95763 -84017
73575 -87638 -51894
36 19 17 0 19 1 16
74894 -7543 -23164
19188 -99259 96367
-55637 -36521 -61115
36 14 5 17 21 11 4
-46933 26541 -53052
-7739 33781 15854
-67884 2397 80964
36 4 22 10 14 14 8
10760 99705 -14355
20693 -22012 -92066
-35494 -16762 48177
36 13 23 0 5 17 14
-87458 77318 -25313
52419 68878 -7280
-51666 -73457 1485
36 16 10 10 5 7 24
-16549 -51187 -36650
26735 37309 -6934
-26968 -6473 86343
36 3 6 27 22 8 6
-19128 -14718 -91091
32558 99372 -45451
77809 82771 -61414
37 4 11 22 10 8 19
99268 -97479 -53449
78241 97510 -48184
-26723 5307 -82772
37 23 7 7 9 16 12
19616 32813 -41702
25878 64471 -58811
-92016 -65934 -6819
37 1 11 25 18 7 12
-14717 -98215 69472
-2935 -6939 54897
44115 -8457 31513
37 20 16 1 26 9 2
59859 -83702 13640
32971 -48223 -54602
32091 51058 4273
37 14 4 19 1 15 21
-94602 -10161 -8377
34122 -73449 4497
-16039 92542 99590
37 18 4 15 16 18 3
-90724 46663 -66079
-63930 -61945 63826
64210 -47762 40169
37 15 7 15 4 15 18
71481 -28152 -13244
45522 -48122 56248
-4462 44003 81837
37 11 9 17 6 5 26
-69708 1273 8437
-40513 93609 13889
-69068 19696 12801
37 16 10 11 3 15 19
-46833 71035 -92380
6014 -99179 -62038
5721 82984 35373
37 17 16 4 13 10 14
-64576 -10998 73802
99103 -3218 45751
-97528 46122 -84293
38 10 22 6 7 15 16
23271 16123 14744
25940 -88424 -73831
-20646 597 -43444
38 28 3 7 6 29 3
-25145 -75444 -80011
67970 29139 -31306
-63260 -77779 -64850
38 6 1 31 16 21 1
87853 97908 -68236
-58553 -35289 -59398
-65747 -83317 78361
38 8 26 4 0 27 11
42237 47800 62937
84278 93327 74480
-94217 -77308 1739
38 9 13 16 12 14 12
-98147 -1312 -21302
-93638 81811 49446
52446 77201 -75970
38 9 11 18 12 25 1
93752 -42511 -29903
-38179 1633 40383
18515 62475 -20185
38 6 21 11 18 10 10
79075 -11208 -52500
48624 13967 -99692
7546 -30638 57589
38 11 18 9 9 9 20
-11096 -41419 -42432
-91988 -28330 -53584
47831 82189 -424
38 9 19 10 18 10 10
-2368 -75965 22797
-66755 75591 -5779
-63848 -87602 24136
38 20 12 6 23 3 12
-48565 -47381 64628
-78546 -45067 47403
-44697 -57823 78563
39 10 28 1 13 18 8
-92257 -53973 88207
-12224 1082 -27409
-67037 73765 35795
39 15 18 6 16 14 9
77553 -16914 78935
90411 -80746 47294
14999 85782 3252
39 23 1 15 6 15 18
-55210 67619 59971
-68611 -41987 43075
-82337 24903 -34033
39 23 15 1 12 23 4
-8647 -67835 -8782
-91636 16316 -40601
-39867 -21372 23752
39 8 9 22 17 8 14
15516 -15502 -7691
45818 52672 -24296
21902 50434 94214
39 3 21 15 30 4 5
-2269 86152 -8027
19052 -1361 -96201
43853 40768 941
39 15 8 16 9 14 16
-80584 -75970 63767
-68882 -58181 -28938
-33396 -81247 43902
39 25 13 1 4 24 11
76965 -45271 -83161
-9228 59327 6884
-83764 -62621 -52407
39 4 19 16 20 8 11
68593 68669 63305
16830 33694 94757
-12406 85724 -70066
39 12 4 23 0 11 28
-48401 60224 12343
22255 47693 -99802
-74631 62032 51962
40 8 15 17 12 12 16
5426 15566 63120
-78061 25348 -92294
-13105 -34535 55653
40 12 15 13 2 8 30
40180 -95548 -62822
-96740 88783 -65917
-84637 -93524 84203
40 16 17 7 17 17 6
-75794 8188 57667
67946 23107 -64834
-45189 -77477 1655
40 3 16 21 13 5 22
61830 -37308 -74635
-67110 98780 -77884
23912 -16346 20683
40 15 19 6 18 14 8
48176 36009 24600
-39458 -53417 -95043
57658 -71353 -70526
40 14 14 12 14 12 14
63862 29266 -52022
99814 8906 -28667
74591 24957 26910
40 11 19 10 31 8 1
92257 42931 -22482
925 37938 -41019
20781 35886 -70767
40 2 17 21 9 22 9
-60096 60462 69061
77651 42411 -18152
55781 -13671 -68645
40 11 7 22 3 26 11
-5690 -46964 70650
-56592 14388 94222
49220 18088 -2252
40 2 30 8 4 17 19
71796 -51242 79529
14130 -83360 -10778
-42209 5367 -49765
40 12 2 26 2 18 20
-86922 52684 53348
57783 -23168 94732
-48950 93232 26367
41 22 8 11 8 4 29
10385 -83525 17960
-89283 -69696 21722
-91116 36758 14119
41 22 15 4 17 18 6
-31790 97059 -14700
6075 79210 78578
-85001 99825 30202
41 19 18 4 18 1 22
-9257 93189 58182
-30646 -67883 -4528
36811 46774 -99901
41 21 18 2 23 14 4
-93733 -50156 24233
32087 67349 40760
3310 -36476 -679
41 18 3 20 20 4 17
17011 -26785 32573
-54274 -2146 25582
-10457 -63151 19724
41 14 2 25 5 2 34
23706 94877 63655
95740 24825 -20869
9533 71458 70864
41 7 21 13 20 18 3
68947 76330 -82718
89810 -52139 -80078
85034 -60942 -7146
41 16 9 16 4 19 18
77653 45882 -284
83698 -14167 -93564
62202 23584 95614
41 17 15 9 30 8 3
-50831 -24654 75753
60392 9049 -32261
82451 -42665 -85405
41 22 1 18 22 19 0
-12024 63208 -88802
-53763 51059 -74124
-5127 -69757 72293
42 28 11 3 19 16 7
-99626 -37803 16143
8880 44354 -93113
-45 56057 -71318
42 23 5 14 22 17 3
6780 83990 -4752
10380 82445 -28603
69512 -67540 37962
42 16 21 5 5 15 22
40329 91208 13933
-73286 -92189 -25009
1657 -48459 -52310
42 10 12 20 18 15 9
462 -90203 70421
87515 30371 99274
-39012 52035 97897
42 10 13 19 23 19 0
41614 54937 -3641
18722 -16457 18860
-95642 -25888 -82393
42 8 17 17 22 9 11
-49722 95720 -82250
-68451 -14467 -17339
-60261 91394 -91751
42 17 13 12 16 23 3
-27549 87896 19492
-34860 -55912 -85542
17272 18202 45200
42 18 9 15 19 5 18
24300 -64676 -99404
2150 -85612 -24347
-60806 -426 83604
42 7 13 22 12 13 17
34369 3028 350
27746 -56539 -32997
36806 -51923 78844
42 3 15 24 5 11 26
-64756 -50225 -11131
98051 18944 -22528
-26492 -48474 -64804
43 17 15 11 11 11 21
65499 -74523 34774
80460 -90149 53875
82719 86024 91527
43 15 13 15 16 23 4
-26407 -55455 -62465
-6450 87125 85166
-64834 -24140 21878
43 22 12 9 13 19 11
83691 40960 60292
6551 -44604 -59482
-19625 20266 36132
43 23 4 16 21 14 8
11425 17458 17415
-46323 -92286 69047
-50574 10275 -77806
43 17 14 12 17 17 9
-3382 -22616 94793
-30873 -91314 -48670
-60630 -76970 -12671
43 0 43 0 3 10 30
75458 94636 91229
-71239 -97383 -5655
66183 -61240 -40955
43 16 12 15 20 3 20
74440 29729 35236
57054 -53748 -24747
63912 7236 -17596
43 13 27 3 30 5 8
31972 38613 -19634
28270 -63909 10069
-61191 -57322 17674
43 10 26 7 7 25 11
28580 -41173 -14761
90398 62088 -91005
91469 6271 -23717
43 16 21 6 10 12 21
-97285 51353 66669
90455 52246 85086
-93739 -69178 94697
44 13 4 27 22 18 4
25874 -63445 6404
-57048 -73893 -27343
-72690 -94175 -3206
44 19 21 4 14 19 11
82295 38743 -56223
92173 68975 -85191
-2416 -5181 11221
44 36 1 7 19 8 17
-55078 37698 29418
-20290 40972 79214
54278 27251 40763
44 16 18 10 11 27 6
54138 -70931 -69447
38436 67527 -64057
88242 -78204 4597
44 33 9 2 10 0 34
-16247 -43266 -90166
19600 68477 -41053
-83798 25527 -54488
44 13 16 15 4 24 16
-83982 -67733 -77417
-81603 15664 -35582
-57692 -72155 -81447
44 18 18 8 9 3 32
-83130 -13697 -34187
79787 94431 -57177
44882 33212 6515
44 3 39 2 16 12 16
-41453 -99951 48040
-52541 49092 99176
87768 52502 58293
44 11 22 11 14 16 14
91243 84392 -83811
-70741 -48246 -3618
33532 76855 19979
44 17 11 16 11 13 20
79672 30682 79166
25332 91020 3062
67248 52279 -38995
45 22 19 4 9 20 16
-61362 -40453 35456
-26550 79869 83125
-62807 -31123 -42787
45 21 17 7 8 21 16
29714 -57842 -10859
-9130 71870 -32000
2776 98852 35039
45 16 10 19 13 17 15
60743 74760 96970
-29119 -82907 -76342
71304 -40913 99732
45 20 5 20 24 1 20
-43545 -85216 -45191
-1751 -2645 -87145
87595 -65321 -99614
45 6 29 10 15 26 4
-13791 -29242 -87708
-48717 -98282 -97565
38025 -44613 73729
45 8 5 32 34 6 5
-7069 -57813 35329
5717 -90578 -15690
93729 40589 -70789
45 15 17 13 16 8 21
-55644 48248 41978
-16803 -38944 -71818
-26076 -23524 68699
45 21 3 21 20 25 0
57015 46959 92740
-89130 62436 -27258
-63841 -46167 -21596
45 12 15 18 28 7 10
-24630 80654 58111
57796 -51827 -18184
-4619 -13479 87541
45 18 7 20 4 32 9
-65009 -47920 -60029
7493 28640 -16326
-94201 98776 -8943
46 16 19 11 4 31 11
9563 78765 -29947
4865 -8533 -96007
21274 -24397 25769
46 26 3 17 12 24 10
-61114 41413 -40824
15721 20818 25974
-71509 -91158 22111
46 11 21 14 20 24 2
1093 28462 -31522
-82397 96104 68590
-56328 -24340 -38818
46 25 7 14 25 13 8
87555 -10780 -58690
-46337 -25292 73878
-9544 81456 95385
46 25 21 0 7 27 12
17794 -57115 79349
83596 -60770 55633
51208 58609 -81919
46 5 21 20 19 10 17
-38874 59072 -90120
-55839 -99951 23935
-42233 66234 -35555
46 15 30 1 14 4 28
-70416 89237 96399
-13506 51893 5780
1832 -41721 -80850
46 22 8 16 21 8 17
-3324 58230 87656
-14002 27200 47764
-96982 48953 40518
46 10 29 7 2 8 36
-97704 33206 -66232
-43603 15781 69275
52475 71558 31998
46 12 4 30 10 22 14
39407 1075 62403
-82097 9407 -89410
-36949 71719 7831
47 25 3 19 20 12 15
-82218 83359 -91847
34466 21772 35300
-74306 69537 28650
47 21 18 8 13 0 34
10910 -16225 71729
51951 -61546 23429
-1015 63511 -64361
47 5 19 23 8 7 32
-75696 84608 -32924
-1898 42787 9202
97282 -13961 -85539
47 15 8 24 23 16 8
32952 -85581 -8181
38152 68352 460
69340 74949 -49832
47 13 26 8 23 12 12
-11800 99524 75722
-16962 -5585 20265
84061 -81283 -88093
47 16 16 15 2 30 15
-59522 72330 41736
-91446 53316 -34931
-98710 2491 -97140
47 4 24 19 13 29 5
-2451 -83716 -63745
33754 22914 -63279
49577 -47423 -70905
47 16 17 14 30 13 4
78435 30384 4747
36085 -60542 -24828
54783 22808 -31458
47 5 5 37 18 10 19
-26667 -2510 -75975
-68713 -95084 -34594
-3893 -32617 -25955
47 27 6 14 13 20 14
-84182 90533 -81998
-75826 39915 -73127
85527 -13591 -31568
48 2 14 32 22 15 11
-36696 -93770 -12650
-71775 -62066 -52250
-53130 -39139 -30172
48 31 6 11 4 25 19
-50362 -78592 -84208
-67356 -85566 45800
-9029 68597 18480
48 26 22 0 9 25 14
44032 -41845 -97943
92712 -35524 56516
86072 -70585 33987
48 11 18 19 22 7 19
-13983 74968 96356
-39907 -11392 -60611
-87146 -86986 -79166
48 25 10 13 2 29 17
72121 19761 5731
64325 -8753 -67362
-2761 74314 -8031
48 23 8 17 23 15 10
5467 59102 -42909
-24002 45337 85496
-51892 -61493 98373
48 8 22 18 18 7 23
-16900 -44157 -51042
4993 -75715 24186
52074 32665 -72503
48 18 13 17 14 21 13
-49786 96372 29417
-92163 -82489 -24772
-78916 -31250 -93406
48 8 19 21 24 7 17
39393 49143 5924
43999 -86023 34316
28629 47263 -30885
48 9 24 15 19 7 22
14687 40883 -99734
72853 81075 -50611
14813 -47613 -76574
49 12 1 36 11 2 36
57700 18705 -91273
89539 -90239 -84270
13239 41250 -21693
49 14 18 17 19 19 11
-90011 -10166 91449
-6183 -26716 -26840
19733 -81997 -77724
49 45 1 3 18 13 18
33486 -69835 12877
83379 60664 37363
3626 56856 88196
49 15 25 9 18 10 21
23830 11230 8664
88044 -68224 -55899
20806 -57950 74922
49 11 18 20 23 13 13
98754 -8461 -97975
-36018 61057 -99177
-91473 84492 99228
49 7 24 18 34 8 7
-36202 82958 -87205
44399 16777 54666
-3632 71753 -66084
49 32 4 13 20 13 16
-46034 -10909 68237
37354 19846 -3621
-60049 -2878 85229
49 6 23 20 18 12 19
93744 41990 -12260
-34838 93505 35268
45180 -49406 -70284
49 29 1 19 15 14 20
60436 32688 36100
65738 977 -93756
-64896 -84765 -63938
49 18 24 7 3 29 17
85724 54335 40179
-88862 50904 -8320
45188 -51374 -63173
50 10 20 20 5 31 14
-88306 410 70895
4884 52340 16260
6379 -10317 -77394
50 15 25 10 7 26 17
-89356 -62304 35432
-16584 -83609 -35839
-76783 61518 33827
50 21 23 6 40 1 9
-33620 56208 -98412
4761 61106 -87932
23138 -80055 -38882
50 28 16 6 14 17 19
6416 2163 -39346
18833 -82993 -14009
68674 -47057 2701
50 17 19 14 32 3 15
-23218 75817 82130
-73041 -19264 -54819
17952 -96829 -53811
50 17 29 4 17 20 13
-46699 -58156 62295
74114 32738 -91756
-99997 13451 -45305
50 19 29 2 16 14 20
-36042 93015 -93599
62413 37791 -24080
16894 -31071 15097
50 23 9 18 12 31 7
54805 -79153 58039
-75994 63234 -1987
46360 73148 -39339
50 7 16 27 43 2 5
-49908 52763 -77333
73839 48748 85838
-96211 17661 -62064
50 1 2 47 12 26 12
97232 80361 -47795
-98760 5408 84537
-83424 -60463 57264
50 0 25 25 24 6 20
51789 96093 -50682
7286 -4226 16370
-3742 -21198 22745
51 35 12 4 25 20 6
-93093 66176 83257
75632 -68199 64701
20243 53443 84364
51 0 23 28 20 8 23
10302 1049 -85137
-19421 22846 50099
23349 70495 -44506
51 23 6 22 6 13 32
77566 -30854 72497
-68999 5562 95991
-45130 -83657 -5480
51 6 25 20 4 10 37
-44893 -57102 -85328
21486 -31550 -5367
-72303 70834 -68947
51 12 33 6 18 19 14
-91522 -97637 -47510
-8517 78662 -80913
-56697 49484 49163
51 9 7 35 11 15 25
-3567 54993 48276
-31652 128 45197
8157 -45447 -87546
51 22 22 7 6 17 28
-14213 32787 16373
12666 -13218 -41774
-5687 -91465 53588
51 4 24 23 3 45 3
-63829 84291 -58313
-48911 77612 -86939
50540 -81242 18053
51 18 33 0 16 9 26
-87614 87236 56488
83830 -87203 30286
76135 -3383 -93290
51 6 19 26 5 46 0
-7029 -14323 42787
83929 -35083 24860
68650 47115 -87967
52 25 19 8 17 14 21
94242 -84721 53882
72552 -55885 -20258
69128 15329 80195
52 22 7 23 15 10 27
-632 -60848 -94431
64476 -87287 62461
-47 -26386 54832
52 21 24 7 27 2 23
-52821 -9651 -5927
85861 -79285 36687
-54683 25694 -1150
52 20 16 16 10 17 25
96837 94965 -13652
64587 -7311 -54929
67207 -75726 -40388
52 19 24 9 1 7 44
99914 -63765 69831
8546 -26974 -28805
91934 62049 74466
52 29 14 9 40 9 3
-73123 36029 -532
81777 -6225 54859
-54816 -87377 -22912
52 2 23 27 6 20 26
75644 -80044 -16512
-28779 -34143 28394
-17133 -79055 68192
52 4 41 7 13 11 28
-46997 -70128 39762
14077 75388 29907
-24202 48421 -63715
52 21 10 21 11 17 24
-75040 22962 29427
47302 -27784 -83717
-1933 -19139 -99263
52 17 15 20 5 17 30
-39663 93172 -53679
48315 -94304 -92277
-82610 26111 -41743
53 10 23 20 37 16 0
-46856 68152 6734
-43141 41239 42895
79241 -18813 30611
53 24 20 9 15 23 15
94625 46515 -97088
84701 83566 -95327
5786 35861 35019
53 13 7 33 18 27 8
78711 33281 45778
64403 28338 19288
47383 18159 57325
53 14 17 22 23 19 11
6975 -26659 47378
-69622 -69199 27381
-14460 -38365 -53880
53 4 20 29 36 12 5
-23015 -30401 99276
44615 -96798 -69627
-27475 -70062 93692
53 14 19 20 19 28 6
13511 -7069 -81558
78695 -6366 74270
26968 53522 4623
53 6 11 36 40 9 4
-39736 -13573 19417
22099 -52964 -49989
-58375 -4883 -76074
53 22 10 21 12 5 36
24405 12553 81444
-1250 26737 6563
-45242 -90255 84219
53 1 43 9 9 25 19
38430 51508 50272
-21186 -44265 -18175
-85382 28856 -50251
53 19 21 13 19 15 19
25849 33142 42698
-11260 -48781 -18179
33239 -84083 -39423
54 35 11 8 0 34 20
69431 -9685 98305
-98017 -43542 -44329
-91091 28596 -18021
54 20 14 20 21 22 11
73639 -29567 -31277
92542 -10579 -38646
-3358 -31838 -75127
54 37 8 9 32 15 7
-14140 -29729 2443
-41311 -8348 23070
-32878 -91184 48575
54 2 23 29 10 11 33
-56768 24867 15786
10324 45424 -88883
-49184 -35948 -72669
54 5 10 39 13 23 18
-36558 72658 21898
75012 -72971 20974
-36552 -94409 95745
54 24 9 21 24 19 11
37907 -21155 -82484
28751 44328 -96739
-23229 -69802 -12539
54 27 1 26 0 34 20
-52127 35380 14606
-17097 -7189 68807
80065 22263 76462
54 11 18 25 26 23 5
-21005 -97187 -23376
96270 -29713 50731
-52836 36523 48371
54 12 13 29 10 39 5
-86483 -78660 -17635
72308 12026 41391
-10292 26815 66094
54 22 21 11 26 19 9
95958 32367 -40854
60478 -73683 -38377
85759 76294 8430
55 28 13 14 23 29 3
25760 -85669 49944
-8770 -25867 -68496
-64659 -89202 -12735
55 13 25 17 14 32 9
90709 -45422 -3295
20591 -16090 -27665
-67344 45033 -44126
55 6 28 21 10 23 22
80349 84659 51465
32642 -3296 -29661
-35528 78204 -66624
55 9 29 17 26 23 6
75752 -26981 -43888
95143 -45871 -18331
73756 16333 82593
55 21 25 9 17 19 19
-89408 -34002 -75833
-77137 -87492 8650
-14178 -61936 81156
55 18 20 17 27 18 10
40616 -29926 20146
97461 21123 18834
-92023 19457 13451
55 3 28 24 7 10 38
-47177 -54349 4823
38437 -14618 -85799
-48790 -55357 58590
55 22 23 10 13 24 18
-75485 63083 -40730
-86868 -11953 -54910
67140 13765 36381
55 20 27 8 20 13 22
47206 98890 55060
-34279 42638 -18641
27591 84884 -60341
55 17 22 16 51 2 2
-39073 -40888 69606
36986 -1467 -24755
-55960 986 84884
56 39 7 10 37 4 15
-35106 -25366 -36907
80594 99554 97458
58190 57041 36768
56 14 15 27 11 24 21
-90993 -10785 -15829
-89441 37631 45833
94806 64018 -15630
56 26 30 0 4 20 32
-39458 -59085 29552
51522 -46277 28563
56716 -65831 -9779
56 9 37 10 34 7 15
-67244 58417 -32847
-57790 19717 71742
37882 50523 81376
56 18 8 30 39 1 16
24105 -1178 -65042
-65209 778 -78714
-83296 38432 -61790
56 24 26 6 31 18 7
-81372 19191 -91818
85096 -82949 -26492
61733 24656 -85334
56 9 31 16 18 18 20
-93507 -55384 -34214
-81954 95558 79114
-30332 10405 37670
56 27 18 11 24 7 25
-33953 36024 55594
46579 -83326 4651
35540 81077 65701
56 26 20 10 23 10 23
-25225 -94768 -93168
96210 -63671 -54412
-23064 -63328 -62308
56 16 23 17 10 20 26
8248 80328 62449
-96274 96474 11622
97464 4128 3602
57 25 24 8 14 29 14
-18150 73480 -21684
-82693 -88033 -26746
-54990 78614 72399
57 21 20 16 36 11 10
48962 2164 -15102
26521 -36319 67556
32875 -1236 94375
57 12 17 28 12 18 27
47641 14549 -37804
-25289 -73628 41549
94881 -953 -79983
57 14 25 18 6 16 35
98565 78689 -83599
147 -16332 48100
12113 64286 18160
57 22 29 6 12 22 23
-74893 83722 39167
12233 -52696 81381
95815 -47908 2157
57 7 5 45 24 12 21
-10097 63502 -14405
-94172 -52105 -75211
55080 38991 -47119
57 8 40 9 31 18 8
-86657 35903 -8572
40582 -77378 -41172
-61477 -69022 -3853
57 18 21 18 10 15 32
55338 -96891 -18216
-16993 79106 -24362
55895 -5349 -35425
57 8 22 27 16 16 25
86457 19283 7871
-81029 8169 39827
20331 -84632 64333
57 18 17 22 29 18 10
87147 44821 -2860
39041 50428 -52755
89836 -99619 92373
58 35 6 17 33 9 16
-86735 88210 32299
-10764 -59016 57628
95172 -16500 30133
58 0 30 28 25 8 25
-51002 -26399 -4582
95379 88724 -9443
19517 78598 55352
58 16 19 23 46 7 5
-18294 -72300 -54705
10934 -84387 -11619
-74766 64798 -65098
58 29 16 13 23 17 18
73096 43100 56537
904 -99792 -66717
21888 -45801 51913
58 24 6 28 20 3 35
39604 39499 83207
-70124 71671 -15817
57868 50852 -64534
58 41 0 17 9 22 27
37886 -92013 -50345
-30509 -17566 -18175
26160 57439 -96960
58 9 21 28 30 13 15
33938 74125 39779
94721 8481 35241
67784 4158 72072
58 13 27 18 20 23 15
58431 -72923 73985
-33058 -55556 -48104
-87942 43753 -42526
58 19 1 38 6 11 41
73006 -10978 -32068
20012 93618 79113
94841 44039 93364
58 35 6 17 16 21 21
-71891 92668 30883
80180 -57603 -32521
72238 49062 -4173
59 29 19 11 16 15 28
26222 58767 -95401
74592 -66990 -59370
-25172 -85416 71991
59 25 31 3 11 23 25
95412 84047 61797
56609 -85114 -13814
39584 -55075 -19732
59 4 10 45 17 25 17
82191 -76903 -7642
-36392 -69929 -65315
-27977 -75244 -36687
59 25 12 22 17 29 13
-83911 -25971 38984
-32797 71390 15878
-54313 -47068 56660
59 22 26 11 31 4 24
-44319 78977 -70922
-12936 36727 -65208
77838 45251 61395
59 10 6 43 1 43 15
-50357 14802 -91166
8464 48372 -15845
-37847 -26640 -9021
59 14 36 9 8 43 8
61783 4396 89588
50576 87065 74843
3276 73922 7644
59 23 24 12 21 27 11
57771 64803 89364
16507 75018 -59591
-16033 -72325 -93288
59 19 9 31 15 29 15
90605 48622 62376
13214 45337 47783
-85248 78200 34945
59 18 4 37 19 10 30
-94385 -43264 -3023
81060 66069 55264
-18676 72790 7701
60 44 15 1 28 28 4
-91996 80013 -14684
49279 -92045 -71757
-25320 -10004 42150
60 24 10 26 0 35 25
57020 -9746 -71805
-86713 92350 -74778
-35021 13642 -13621
60 5 22 33 11 28 21
-97002 85745 44199
-52308 -17852 17874
22137 -21829 -70906
60 20 23 17 31 10 19
-35065 -41182 -51466
-34892 87153 -82773
-85416 -47010 -53113
60 29 2 29 18 17 25
-98030 27206 -81499
-14141 43644 58206
13553 -27910 27202
60 10 41 9 12 32 16
-31125 95765 -35263
-62391 -23257 -90345
7176 59101 -11782
60 5 30 25 38 2 20
-11916 -93246 89710
45296 -28879 -165
-73016 -4774 -76213
60 46 3 11 11 16 33
26538 -26458 -73718
89018 72318 80671
-14139 -90658 -65133
60 23 29 8 2 20 38
90957 -19049 147
49981 25086 -46216
93340 -4020 72007
60 43 7 10 29 9 22
70286 72709 -78375
-88855 -3289 -69081
47137 -27844 76713
60 8 14 38 24 12 24
25973 -22878 54235
59851 -52836 -47450
33681 -75448 68042
61 28 25 8 33 24 4
-61021 87980 -32995
59030 -37843 -88871
-44949 -24864 -98672
61 29 22 10 17 43 1
48792 80084 27576
-19002 -45191 31634
93654 -61490 95142
61 11 37 13 3 34 24
9027 -63800 14570
86124 16996 -41103
96573 -18597 84836
61 21 17 23 26 29 6
-9660 78930 43786
37872 -51154 97172
-51835 23926 95745
61 13 8 40 33 5 23
74696 11459 44693
-76691 -3640 96397
-61009 55308 -52409
61 16 17 28 26 20 15
12971 66281 62309
82281 -97859 -97745
27074 -60717 62436
61 37 14 10 29 22 10
52546 -49627 38681
-80752 -43480 -72259
-29184 -68088 -53553
61 15 2 44 4 46 11
-11588 -31234 -85155
-96436 -41368 15150
44182 -98048 45406
61 32 10 19 23 23 15
-38404 -51551 22160
-31340 57790 -57235
-82204 42291 88987
61 3 8 50 26 10 25
-16821 -57242 29
-70699 -43384 -87857
-18788 72096 -64079
62 7 29 26 15 42 5
-48156 -88856 7066
-18870 19295 -95360
-12384 88800 5339
62 20 16 26 26 9 27
54065 16879 -16910
-72155 -94575 -94294
-98927 -20402 -61279
62 11 26 25 27 15 20
75854 -32288 74849
48927 -15110 40576
-81350 43958 88328
62 14 12 36 18 17 27
-90754 -53108 4289
44222 -54799 -5435
13504 13988 22911
62 37 2 23 29 16 17
-20750 -65357 57463
-70418 62245 39242
32157 -28620 -86354
62 13 1 48 14 16 32
-63084 -5712 -51099
-15398 -97627 -2884
86329 -6094 83208
62 22 19 21 43 18 1
10361 85966 -17610
11707 -69087 87635
35998 43508 14551
62 21 40 1 8 4 50
-22155 -74148 60773
-57179 -99766 -74880
-18126 83179 63499
62 4 26 32 49 8 5
-96245 64227 -48416
-90481 -56124 8798
-86928 16621 -80874
62 31 1 30 11 10 41
63097 11177 12437
-79316 -36748 -43250
-1760 -10609 -84829
63 23 37 3 20 27 16
-49456 24621 72205
48480 -99450 -78013
31239 92158 -92511
63 13 16 34 36 7 20
-24889 28323 -56236
28182 -2172 -14658
-57396 94744 89678
63 33 24 6 15 19 29
-15075 33903 -91651
42027 -76557 88546
45708 40829 80118
63 3 28 32 32 1 30
-52665 24314 11591
29432 -36397 -64754
25605 -6795 53903
63 30 19 14 27 15 21
-57343 9333 -4244
67232 -94605 37724
-69071 -61477 36624
63 27 29 7 14 36 13
-98469 96845 -9224
-78201 -6430 -67001
27280 17176 -96059
63 22 30 11 27 14 22
-84783 -21689 -56339
89273 -28153 -10632
-84846 -48831 77405
63 18 11 34 20 4 39
-91328 -69912 -61124
-87937 44188 50189
82531 -37319 -20109
63 7 36 20 3 12 48
-25268 84664 77150
-66468 48162 17954
-64947 -17473 70327
63 22 24 17 12 36 15
-3223 83802 5100
2268 -34491 79642
22884 60832 -70162
64 13 27 24 25 33 6
-86175 50733 -5239
63626 -74509 24966
85911 -78598 -3447
64 15 29 20 51 7 6
99203 -3820 8366
-53410 46504 -16179
66236 29234 27918
64 15 27 22 25 32 7
-6060 -89431 -35377
-69776 96979 -75353
38363 84260 70271
64 9 5 50 31 7 26
-93222 75822 -24130
32944 -83527 -42594
31494 -89801 -2759
64 21 18 25 12 31 21
37527 -87689 -76761
81853 69995 -93733
-86666 -78240 -69723
64 19 26 19 15 3 46
23943 51149 16839
-4727 -78661 -44724
63643 77472 55815
64 20 2 42 31 30 3
60978 -77845 -55088
-39352 -75506 -69926
-97925 -18565 41651
64 26 17 21 10 26 28
60914 -87304 12642
30164 20790 -50397
-82352 -92596 36290
64 25 2 37 4 40 20
47344 -58311 31432
-68444 -75015 -44528
44979 -32414 -92918
64 43 12 9 27 21 16
-54301 49554 -66486
-57140 -65800 -17612
99049 -42593 69990
65 23 40 2 26 29 10
48775 -49533 -20967
-99889 96712 -91477
94501 -43105 -67462
65 2 35 28 21 4 40
-67919 -75159 -17180
10543 98683 -21692
92130 54641 -54768
65 27 33 5 38 5 22
-14099 -49840 -51409
79881 -24531 24469
-26642 -47042 -93830
65 27 2 36 32 18 15
72469 68190 3718
21199 -33145 71929
39275 -20870 24352
65 24 23 18 26 24 15
53735 -29526 43893
63643 88848 69327
-29887 29620 -80482
65 39 6 20 1 42 22
-68321 -48916 63533
-66318 43127 77574
-92363 -23197 -90787
65 28 18 19 19 14 32
-86482 -36086 93371
86993 76224 16511
-14009 -41720 -32837
65 19 23 23 15 26 24
-2663 76505 7110
45668 6677 89893
-52718 67217 62191
65 29 5 31 23 22 20
7111 93463 60254
89687 -73898 32350
-12590 -26517 45991
65 34 29 2 18 43 4
45098 -69288 -5020
-8098 29461 -62036
55716 84158 79735
66 34 10 22 15 27 24
-76409 23324 37609
-71093 87580 -8371
67622 83315 -73564
66 13 16 37 13 37 16
23464 55490 27170
-54981 47727 58048
-38307 6511 -16777
66 2 2 62 21 24 21
-89935 -26876 -81075
-63320 -91717 -1711
-46201 15241 22837
66 10 25 31 37 11 18
49418 -44723 49706
49047 79166 43618
83970 -34902 93510
66 8 42 16 19 22 25
16582 52984 43295
60770 42677 -38069
69497 259 -21122
66 23 23 20 23 17 26
94718 -77458 80560
69811 -32450 78444
58126 39956 35393
66 3 34 29 20 26 20
74809 -24121 -23807
84840 97921 -27865
-9231 -41596 41263
66 11 30 25 13 24 29
10633 32299 19251
35070 -30069 15054
16702 51656 -72471
66 25 19 22 20 38 8
77079 57559 -59194
-47283 10562 92599
-58567 -76344 -61307
66 2 2 62 8 31 27
-85300 27032 -29687
95296 36986 85433
-65247 -86967 -76653
67 4 25 38 0 0 67
-44639 94105 -75859
76630 66572 -50819
98492 69498 -58934
67 48 3 16 32 21 14
-51452 -72802 -72919
-63915 -67987 18681
-26614 91462 -75872
67 23 31 13 2 9 56
-94139 -4738 49500
12609 4687 -13062
69559 98708 -93693
67 7 19 41 10 50 7
-15804 31821 -4765
-52967 90592 74796
-16111 80974 -48884
67 40 22 5 47 1 19
27556 86274 12152
77604 -42137 -70687
12951 -76153 89512
67 24 33 10 17 46 4
-4705 45795 14518
-36161 -13164 77025
-1772 23620 34543
67 31 6 30 35 17 15
46950 -49267 -8948
14534 43719 -93707
-48220 18898 4607
67 15 18 34 35 16 16
49578 -74855 30038
-36225 20324 92220
-60135 75991 16122
67 38 27 2 28 14 25
-85643 25371 -45257
92485 -82604 -43109
44829 31089 -14377
67 20 22 25 2 41 24
11424 -11518 91960
-18652 -11277 -64837
12978 29764 35333
68 18 45 5 15 23 30
5566 -14793 -44910
-98974 -93308 54751
5049 69606 42841
68 34 30 4 21 33 14
183 64371 94663
-27781 79535 63126
85372 -90751 50280
68 17 26 25 20 25 23
-85845 92271 92655
58817 -73599 8275
-72583 89514 46540
68 14 10 44 41 21 6
37211 -89729 -47624
-90542 25050 -26788
-85508 -83720 -41547
68 17 8 43 23 11 34
-2421 -85599 -51531
42746 95501 -47735
29714 92105 65574
68 23 30 15 29 25 14
84991 -25798 35481
-51563 -38741 39693
39000 3113 -36597
68 38 8 22 30 17 21
7515 -22452 -46730
17283 84829 -85226
65708 3235 -16483
68 9 25 34 40 7 21
-24273 22870 50043
91238 -33925 -4432
77663 -37770 43175
68 39 12 17 37 30 1
-44097 31249 -9077
-44094 -84330 3364
86530 -54218 36757
68 6 51 11 25 10 33
55446 -7201 -2960
95670 34560 4595
-34673 -88797 -31526
69 42 14 13 3 15 51
-83121 17069 -70793
-17603 -87181 -83836
-33789 -24387 41169
69 32 23 14 31 22 16
76436 13592 49823
16656 -28898 -78901
16824 -34173 -72183
69 19 22 28 20 48 1
-90268 32660 63166
-57242 -64747 32378
60869 -71931 22188
69 16 25 28 5 25 39
45386 16617 -38779
-2245 12862 -38013
8043 67223 55270
69 26 30 13 9 49 11
24675 12258 -74029
8140 -19892 54210
9701 55431 -63004
69 34 19 16 31 24 14
82775 -44312 96418
77693 -53395 59658
3585 31596 35128
69 22 17 30 23 39 7
29308 -23001 88361
-19504 -85829 95428
58077 -97900 60719
69 24 34 11 30 17 22
-86295 -88721 -68935
-55150 15050 39700
66411 95887 69603
69 14 27 28 15 19 35
64023 -31802 77563
-16049 79242 4092
-7685 -54487 88261
69 31 13 25 16 37 16
-87400 64061 -14680
-12471 82378 1986
74729 -89018 -63053
70 20 23 27 25 25 20
-37773 -53698 -74444
-86299 58959 96294
17944 46781 35038
70 13 24 33 2 42 26
-14221 97437 -13332
-25917 92158 -18517
58120 -5618 -91077
70 15 28 27 19 15 36
14343 -4538 -68075
-28782 -76678 -61059
8947 96052 -68429
70 23 25 22 24 23 23
44202 -89623 30718
-69397 -30674 12623
83670 -34516 -79855
70 22 8 40 3 38 29
-39350 -53395 -87705
-39439 -64608 -17842
-57869 -47728 77832
70 40 4 26 31 28 11
-93469 -56378 48774
19120 91777 -90262
92633 86221 -41437
70 19 32 19 26 29 15
-8186 -43584 47157
-10846 -32559 -2550
-16645 6174 -98087
70 8 15 47 21 31 18
-50266 -16403 -53428
91724 63402 26353
27375 -52964 43295
70 6 29 35 6 37 27
-61422 -38307 27082
-56232 42727 81390
56068 -73557 -62554
70 37 31 2 25 6 39
36291 14328 35679
4936 23420 -69917
-77216 -72729 -24553
70 42 13 15 34 30 6
95425 -96810 -41892
-96551 87259 17929
32575 20602 -10905
71 5 37 29 28 26 17
-98061 67036 15503
-93197 72793 -87605
-70391 -24002 87091
71 27 10 34 15 26 30
78343 -71478 55828
-96512 -46341 -51875
-63970 35131 15414
71 32 32 7 14 47 10
99154 25604 33915
-93632 -62950 -40514
-88662 69810 86112
71 40 22 9 29 28 14
94642 45015 -94166
-69342 70794 80400
-89819 64492 -57966
71 24 17 30 42 4 25
-35215 -57411 -82095
-93970 -96046 71316
19447 -66451 -23415
71 18 14 39 19 19 33
73315 43604 75641
-57358 94398 -30060
-52787 72950 -76569
71 9 33 29 11 32 28
82595 -60806 -98281
26664 -55530 40257
90290 -45531 33130
71 15 12 44 18 28 25
97603 41809 10410
-79380 -7637 3022
95174 66279 -26680
71 30 24 17 15 24 32
-20413 93040 -18915
-13756 53811 60597
-42663 75603 70544
71 20 25 26 20 27 24
-43948 39594 -58255
17457 -72187 -28288
-17478 -84994 -85553
72 15 22 35 25 26 21
74229 63164 -25476
49757 -89652 -8006
-97847 33866 -14161
72 26 34 12 22 11 39
38428 32048 95622
-82104 46615 56366
93986 -62201 87495
72 2 29 41 35 9 28
79948 1876 32913
-46804 -60353 -57259
-98967 16709 92793
72 25 24 23 14 19 39
65775 16282 42113
-12650 14099 23890
76100 -52706 88304
72 35 36 1 24 23 25
83924 -53781 -81371
-63997 77346 -83367
81157 -81853 74086
72 28 11 33 4 32 36
-41556 63280 17087
-6594 -33033 -62855
10284 -92299 -62059
72 4 31 37 7 24 41
-53666 -91578 -66151
40411 -49234 92770
83750 89505 3401
72 25 37 10 20 32 20
-6628 -86805 -47161
-42980 49266 -220
-78529 -5685 -38565
72 35 30 7 21 19 32
71519 -33244 85637
87620 -37702 50263
-64374 -54870 36020
72 6 20 46 28 32 12
48639 -77100 -31616
83525 20256 50573
-9543 -49788 -98645
73 33 10 30 18 29 26
-48496 71335 -78331
22673 -6286 -83968
80282 -58881 -97186
73 29 32 12 1 5 67
84269 77356 -41915
-48590 97521 -28971
-37352 90098 34611
73 2 34 37 26 40 7
-37298 629 -59549
94262 46325 13532
-70209 -62875 -37302
73 33 26 14 23 24 26
94615 -75421 43067
-38167 -9131 63700
21622 -77104 -14372
73 33 9 31 13 44 16
-38395 -77844 -82676
32601 75007 57627
38931 -77432 -85401
73 6 17 50 7 27 39
-86821 -32545 -92855
-64507 -15672 -48964
77529 65199 -23452
73 22 20 31 46 4 23
37112 1447 -22009
-96911 57639 -50692
-73858 94084 10580
73 13 3 57 2 19 52
23137 53409 88963
-62439 80679 -62090
31132 -17794 -77466
73 33 6 34 34 19 20
-5817 -46551 98314
-90260 -65869 21586
-56884 43894 -62656
73 8 63 2 27 25 21
-45006 -36767 -64334
4076 -64434 -13596
-24276 45987 77436
74 49 10 15 22 16 36
-5353 -35163 -34488
48620 -56955 88502
-30753 -97985 63944
74 42 28 4 7 42 25
-6721 7879 -11925
-21557 -40833 52130
-7124 85910 94548
74 30 6 38 9 5 60
39316 -58951 38358
28366 4481 97164
52436 -52395 51962
74 34 15 25 13 11 50
53951 -76421 -59304
12443 94040 -49088
-44982 36922 -98376
74 36 24 14 24 29 21
-76622 75693 -45371
-10394 -36070 -12334
89453 -27307 66130
74 46 1 27 2 38 34
39404 -87808 -76907
-38209 -82429 -4760
-37886 -78837 40514
74 28 40 6 28 23 23
86367 -74686 -49467
41117 59605 -75027
47307 -34264 -29073
74 48 22 4 14 24 36
-38759 70866 45231
-59234 -37347 41306
-90851 28061 -62025
74 41 15 18 1 52 21
28432 22837 -9657
-72583 -82200 -17890
-21804 53633 -51169
74 50 17 7 74 0 0
-76690 -60361 -26934
1199 80997 -82457
-3984 38928 -28440
75 25 17 33 41 2 32
-61627 79428 -72443
11127 -10702 77874
24180 -21940 -31493
75 47 25 3 0 75 0
-70348 79570 -22160
-53043 -3774 35450
92114 -93485 10133
75 44 16 15 17 25 33
69349 72508 -63923
-66939 23273 -99646
-86635 -23005 -91210
75 14 29 32 5 38 32
81286 -97137 63471
60735 -33468 -94141
86743 56879 -59317
75 14 21 40 21 28 26
10879 -6119 -65735
91911 69129 -44935
-94245 28712 -47667
75 17 1 57 28 21 26
-61485 4111 42039
-40940 -61847 -89960
93408 32027 -21046
75 8 12 55 36 3 36
69362 -78913 -50570
-65398 29491 79131
23480 -14327 32994
75 27 24 24 46 19 10
36021 40475 86225
-49520 -55300 -41919
88653 19647 -31474
75 31 22 22 31 30 14
-53145 8508 11224
3408 95223 -74747
-77822 -31122 43831
75 16 41 18 31 34 10
-14046 97150 74666
-68576 81694 -19288
46253 -45282 28260
76 23 36 17 25 17 34
79178 87329 66850
60461 65674 -20816
-9297 87719 -21007
76 23 42 11 24 30 22
93514 -56707 -68913
39882 -73220 -80495
-81225 -86485 -19733
76 13 35 28 2 33 41
-21807 -28107 40428
54367 33835 -20595
39651 65555 -39983
76 56 11 9 11 39 26
-79974 -10655 28702
25877 31732 32850
-12608 63612 -69775
76 52 23 1 28 10 38
21439 -2478 26990
65043 71290 32915
-65494 -60172 -80119
76 24 33 19 5 25 46
68992 -3170 50650
-95514 -83067 -43968
22089 39524 -91826
76 35 22 19 28 9 39
87078 39510 -43614
77517 -94902 -64135
41561 -25074 47943
76 27 7 42 16 26 34
-62835 -79503 59515
12271 49213 86004
-56888 50463 -37110
76 32 30 14 45 25 6
-74143 -85415 -68768
-47568 -12349 73543
20484 -69197 -36460
76 23 24 29 48 17 11
-79045 94198 -25757
67647 17895 63508
64786 76212 -23159
77 17 20 40 17 27 33
-35978 -19806 -3779
-9840 63962 -61258
58171 -67425 -421
77 5 26 46 30 38 9
-93310 13125 34150
28152 84426 93782
19626 -74006 26315
77 43 23 11 43 25 9
81130 76839 -28682
37137 -18401 73022
96869 76791 78684
77 62 11 4 33 18 26
67494 61402 -90616
58523 -18003 48551
-43290 77589 36409
77 41 20 16 31 21 25
-62073 32023 96252
-95494 90000 -70312
21126 42054 54826
77 21 46 10 10 34 33
74611 35468 48989
11514 -2272 35188
-90343 -86078 78626
77 27 29 21 1 6 70
68080 73459 44485
44730 -91850 74923
-20792 -14885 -70812
77 51 15 11 1 22 54
3561 -27961 -25451
68037 -56438 -49317
-73232 30864 -52421
77 42 24 11 49 18 10
-75861 33598 47112
76595 -68593 -27029
-86918 64123 40181
77 14 30 33 27 23 27
70534 32519 -73407
97094 62633 21339
93233 -51630 -53204
78 60 10 8 57 7 14
-40532 78175 -2009
73142 60380 -34755
-90246 -64507 -64207
78 27 32 19 30 20 28
-88646 -52230 98841
35057 89862 -15461
-25345 -50264 -28437
78 41 33 4 17 25 36
-44848 76921 -9242
87325 -97816 94777
42516 -11087 20944
78 32 29 17 30 20 28
-77478 11955 -61548
-40459 25806 11214
20089 96509 -60799
78 27 30 21 49 5 24
23624 28032 7322
9255 -44924 84133
-34133 34644 41609
78 38 32 8 14 31 33
-41697 -59516 48465
73529 45265 -45530
-92939 37733 88331
78 25 9 44 9 42 27
-21370 50511 56966
-82193 -94324 -83443
44322 -95507 61081
78 30 31 17 22 54 2
-24055 47139 -29219
99576 8976 -4300
4187 -22163 -81685
78 11 42 25 19 46 13
94829 62652 34656
31127 -5545 -88934
-73592 51059 -53115
78 30 37 11 28 21 29
-20637 -407 24553
27058 -96433 89514
24060 81528 -16327
79 27 36 16 3 39 37
-16649 -21803 73352
-93751 -93507 -10367
-40707 -12176 -72661
79 33 34 12 10 31 38
-97603 -58184 -41839
51539 89168 83403
50149 9087 20081
79 34 12 33 30 22 27
-82411 54027 49740
16204 1959 20158
8124 -63150 -89670
79 9 44 26 63 8 8
8344 -74163 -21398
-88662 -88388 37071
-89002 -48891 32518
79 41 15 23 24 11 44
66467 92814 -36852
86921 93036 86936
75938 -31011 -38879
79 19 29 31 21 12 46
4339 -90263 -92985
33568 61506 -85469
-34147 -35251 -14206
79 16 27 36 36 24 19
88367 55549 6343
-72294 -82049 3804
-10473 56378 99832
79 33 28 18 35 2 42
-61508 -53062 66407
-37083 -77337 686
-88218 -7322 -41499
79 32 23 24 35 22 22
-59546 55069 43669
80172 -76137 -86987
17500 72081 -58116
79 34 27 18 21 49 9
-58284 90403 64869
-30648 -17028 6675
80778 -9167 -50813
80 15 59 6 24 36 20
67467 -77479 95329
-41721 98998 -10687
-48703 -49976 -60491
80 61 17 2 1 29 50
-6339 71501 96412
25160 44280 -58455
29327 -69813 41198
80 25 24 31 28 14 38
46303 -22517 -75689
11019 -94461 66845
86236 -47773 6890
80 23 56 1 7 43 30
100000 87067 -32578
52161 -92141 -937
-16847 -13841 -50561
80 0 57 23 28 31 21
-5039 6459 57684
-65834 -3836 -85465
-6238 41848 64405
80 39 10 31 30 23 27
50663 33195 -97797
58326 -2210 61736
97437 49925 -62775
80 27 27 26 22 47 11
-7982 -71699 82223
78249 4843 76125
43092 -1083 89579
80 13 53 14 35 11 34
5209 99823 61282
61867 -53398 -26630
-49949 -2822 71001
80 22 39 19 29 12 39
-55882 -94213 39091
81709 -24945 51270
19343 -15357 39400
80 37 22 21 34 42 4
-27243 33514 -81832
14651 58384 5162
98936 63777 -92749
80 12 27 41 27 17 36
89694 -95596 -92049
2743 -12393 28933
-1286 -95838 60956
81 36 15 30 18 41 22
-10798 -12289 -75195
-16560 -47330 -81992
-78269 64522 -51179
81 40 20 21 36 26 19
-81369 -33368 82008
-5634 68913 -30776
29371 -6420 48008
81 3 34 44 37 25 19
95258 98281 65955
5407 -49787 13114
-71605 -28353 98087
81 41 32 8 42 14 25
-78433 48046 -25584
-85377 -29757 -63915
-22913 -77781 -49446
81 3 55 23 41 13 27
-6702 86956 -75356
-47113 70085 -35506
69793 42498 5221
81 14 27 40 25 37 19
89793 23287 32092
89506 -48319 -10182
-67753 49403 -2061
81 26 32 23 13 41 27
69676 74744 36027
-90040 11220 -80
-73639 -9970 -67967
81 4 3 74 40 33 8
-45591 -87918 -89777
30855 -12661 52332
44964 23570 -58511
81 39 4 38 65 3 13
21278 -15377 -44786
-1606 26576 22045
-42422 99407 71369
81 41 12 28 18 33 30
96299 29756 24802
26900 2193 32472
65096 -564 70993
82 43 6 33 26 30 26
30708 86106 -8722
58613 -4932 -74385
-75370 -18611 -6850
82 36 39 7 34 46 2
-17487 -73185 18306
57844 98473 77327
-2376 -14808 21000
82 0 0 82 26 14 42
18718 -76507 87260
82196 48219 -62791
-10442 -50692 -34258
82 6 35 41 46 8 28
93762 -11592 55973
-34240 49323 -66732
-57058 4521 98926
82 4 34 44 12 27 43
61670 -79553 36503
-9724 -27194 -68233
-76661 -41289 -67809
82 28 49 5 29 25 28
14365 -68443 -25165
64843 -889 -62731
-27885 -59691 -25454
82 5 61 16 31 24 27
22374 75044 -43575
-6117 -84815 33668
-24307 96670 73946
82 16 35 31 21 40 21
50050 80262 -17002
91536 -45928 -30434
-29000 -17111 94941
82 17 45 20 36 34 12
-70270 81720 -29093
21104 24320 -95805
11109 3596 36509
82 36 11 35 33 20 29
-99392 -73050 30658
-18708 91775 -91193
11849 11695 -39932
83 39 26 18 6 7 70
16965 56640 -3965
38812 -79872 -34206
6668 96605 -75345
83 18 57 8 9 45 29
12243 -52242 -32961
-92399 67851 7828
43023 -50734 -60698
83 26 27 30 26 53 4
-81525 -9304 48211
-96987 77010 -1453
-28266 81155 -39908
83 36 44 3 23 35 25
62240 -18789 65591
-16968 23374 37052
-3067 30065 57305
83 32 22 29 58 19 6
-75425 -63457 -8475
58271 -40514 12067
31900 34890 -42581
83 32 13 38 49 17 17
-25707 -83664 -68477
57601 -93871 -99032
29998 -90627 14674
83 23 5 55 58 16 9
59124 -55299 -35198
97479 97653 -55540
-23279 45270 -92804
83 20 14 49 23 29 31
68753 15742 12260
-50656 -61581 -91393
73736 -98621 -37705
83 35 33 15 12 37 34
29781 90005 -30442
-68790 66275 47615
66276 -69890 -82981
83 4 70 9 30 31 22
57963 -14563 -6629
-18612 -89253 88882
-58804 -35304 -51946
84 37 29 18 2 35 47
-8612 34189 13438
-67194 -97656 29482
-60130 94410 -16559
84 37 6 41 16 46 22
49305 -86235 -59308
59342 -22367 74975
-25122 92148 18288
84 37 35 12 32 4 48
19506 73515 -69874
-86813 -97518 18310
44678 -10285 94388
84 20 39 25 5 69 10
17121 53318 21316
68945 37744 63212
-995 8023 67247
84 68 12 4 31 32 21
-28873 -20322 97352
-19497 45409 -48202
25774 -78518 -3492
84 10 29 45 22 13 49
631 -33492 50556
-49773 -50030 48179
-23733 76694 37959
84 29 4 51 48 8 28
-15701 69767 90754
20908 -47628 -22582
-93608 66495 -23747
84 38 37 9 14 12 58
54727 -6233 -32270
1631 -76746 56504
-76811 -90762 70450
84 6 49 29 24 10 50
37187 55740 69481
39305 21992 -33749
61081 83917 -6160
84 31 20 33 18 34 32
-64525 35043 71257
-30570 -99616 -23306
-11386 -92462 17389
85 29 31 25 12 64 9
65267 93520 -42737
-71560 97912 65639
-30836 -61689 -42383
85 6 13 66 45 7 33
-93651 -98342 14526
-93656 -39155 -1896
-58224 50417 -88387
85 43 36 6 39 43 3
8340 -80648 93978
55268 -42826 22093
88211 -81909 23738
85 44 30 11 76 7 2
56316 -53043 -73736
-44155 -15215 10671
6469 -31979 -55438
85 13 16 56 33 17 35
64613 18980 98686
-45425 -91935 48339
-44083 28662 -79611
85 25 20 40 20 32 33
-55039 -100000 95397
23427 -58913 -3356
71520 86672 -3683
85 33 46 6 36 35 14
73223 -91349 27828
54524 -25363 -81955
-27759 -37246 -80880
85 47 1 37 27 31 27
-71125 -97617 95939
-75537 51998 -81748
79128 -88935 -37946
85 35 10 40 41 2 42
-15582 55570 86806
43005 -17533 -49783
68033 -41919 -3898
85 41 27 17 33 17 35
-61693 -84832 55999
81681 -36784 64465
-92240 37093 75162
86 71 13 2 54 24 8
88885 29849 43090
-74358 30968 67109
30896 58921 60929
86 27 48 11 25 47 14
37508 -52615 73485
71030 35340 -77283
77136 89988 99357
86 23 28 35 50 15 21
-50242 -11699 48526
28023 -89750 -51088
65616 79941 -15648
86 41 20 25 27 27 32
17341 -43464 -36636
-96718 -86400 -70548
-41376 -60519 -62419
86 21 22 43 41 32 13
-27019 -42255 30433
57417 -81164 -69663
66966 53741 99344
86 10 40 36 36 3 47
14979 45564 -83531
-32612 22812 94372
13188 -79592 -116
86 8 3 75 44 23 19
25136 14630 -39181
-51271 -57389 93419
-66423 75938 40226
86 24 32 30 32 34 20
49118 -39804 -49383
-66654 -27978 -10367
-15914 -48861 88410
86 24 31 31 30 47 9
-16942 -19334 -44250
-59481 -45232 88381
11358 -40599 -74661
86 64 11 11 10 47 29
-49065 50334 76243
37471 -8677 124
46958 57779 80446
87 59 0 28 40 4 43
1273 26366 38838
-75845 -36449 70833
-81901 -2286 17863
87 32 27 28 9 44 34
8537 61583 -53362
2637 -39562 39109
-29624 15383 -86854
87 33 17 37 32 37 18
9761 44778 84048
20062 5350 -47541
-26821 -93594 37519
87 1 38 48 15 29 43
96572 16038 16665
54804 52195 91344
-95134 28644 -48603
87 27 28 32 29 57 1
74059 -81872 -7205
-95192 94319 -52686
-56804 99256 57377
87 11 39 37 30 47 10
-94953 80365 94305
63088 10116 88706
57475 -75230 84658
87 49 14 24 29 44 14
-44838 27484 -89212
-39632 88624 -19550
-33400 95868 -49530
87 21 46 20 2 9 76
-11076 64635 51882
19011 36120 48057
-29545 1877 48780
87 1 50 36 10 37 40
64155 50036 -42265
-72337 53558 29428
-81837 83131 47342
87 3 44 40 64 2 21
39086 348 -43763
-62312 -25634 -33863
167 -11123 -19391
88 30 45 13 31 30 27
-37263 35459 -79291
-18759 -65943 -67045
-74008 6544 -99456
88 37 20 31 9 26 53
69440 80916 27167
-36625 68218 -11628
-84241 85121 74209
88 26 24 38 18 35 35
35099 2736 47618
582 -59720 81824
-90906 -9707 33831
88 48 18 22 26 27 35
95268 -81493 86522
20314 -89968 7877
1936 -10839 97421
88 33 24 31 50 15 23
79119 -29681 -75244
664 68401 -64943
-98041 -89797 22528
88 11 15 62 27 6 55
49650 -76560 -87599
12772 -38977 29833
37872 -46999 -92216
88 40 22 26 7 54 27
31766 -18953 3129
27116 48319 47196
24005 39225 -19322
88 29 37 22 73 10 5
-22599 -29740 13033
-83746 -46271 -85688
-32428 33159 -57466
88 42 22 24 60 20 8
7929 64891 -45427
-37948 -51125 36000
4060 -26524 -821
88 2 47 39 19 43 26
89426 34254 -52104
95148 65995 -40401
17576 -50850 -47018
89 24 23 42 38 18 33
48071 -22254 1054
-17111 49375 14811
4370 50381 18756
89 12 36 41 17 19 53
-29668 81211 -99607
-54544 17470 -40029
-4418 46452 75007
89 38 34 17 59 22 8
-42395 7115 -82818
-18877 -13432 -74791
-88343 38703 -89459
89 59 12 18 31 19 39
-57452 89178 91545
33138 84648 -30655
-68325 62313 -69721
89 24 30 35 22 23 44
-90461 15190 -78374
-95930 -21720 -37945
-21359 13257 15790
89 54 29 6 48 5 36
-9954 -61168 43747
-14319 -59835 -14426
51870 6487 62374
89 32 14 43 26 43 20
48710 21619 -93541
7742 89005 31296
-26768 -14665 -57816
89 4 35 50 36 14 39
50872 -34081 -83812
-60574 69218 -6470
57475 70231 26432
89 63 18 8 7 48 34
85674 53830 50128
11467 63358 -16549
-88181 20544 71987
89 36 25 28 33 42 14
62513 -61050 2858
72382 16072 -7373
-64346 -56876 66716
90 37 31 22 1 43 46
-9316 52001 85931
13125 -37266 -35733
-31448 8928 -2318
90 41 33 16 23 22 45
-87923 -24247 71544
65733 -80119 -7448
-4939 -30133 -13005
90 18 16 56 38 49 3
-44385 -3955 -55628
-97976 -5987 13540
-96792 -80506 13854
90 6 6 78 44 18 28
-44199 24888 61082
32132 24032 -16156
-75253 49137 47928
90 21 37 32 23 55 12
-9299 -38427 -25931
-95339 50893 -13316
61215 -52036 86587
90 44 23 23 29 24 37
75783 -54090 7878
-71241 78259 20352
68111 44120 -97424
90 4 37 49 40 1 49
40759 -42654 -99481
-96245 -87200 63601
-88832 -35760 -9600
90 27 38 25 28 9 53
-612 13078 74106
-14094 95590 32716
5902 -26447 -82661
90 5 39 46 26 32 32
34935 93542 69780
68192 -99303 66311
-18285 -7906 86135
90 33 53 4 16 54 20
-58864 25965 1760
62992 48431 29618
3261 -4517 54560
90 31 40 19 11 54 25
-16854 -42410 -8152
10368 27084 -14749
-77899 75032 36440
91 31 8 52 22 32 37
25410 88806 89141
92577 -80041 29801
61866 98227 35969
91 23 49 19 21 30 40
-83156 40337 59375
-28637 86416 63082
-67550 7806 -61168
91 43 45 3 23 33 35
12013 48109 -64034
12682 86531 -48721
23504 -11837 53259
91 40 44 7 21 43 27
-27777 -30787 70869
57147 -58580 -37020
-31137 91243 -37681
91 37 42 12 1 71 19
-75216 -32308 -60979
82727 -10636 -9462
18511 -97881 -99939
91 6 30 55 74 9 8
82936 -98573 -53147
16423 -40825 -54987
32282 15724 -41019
91 17 27 47 38 47 6
-55144 -61024 76420
18329 -76967 68184
48218 -3093 28477
91 9 26 56 49 30 12
95581 44280 34881
39987 62715 -81739
-18806 78095 -35363
91 35 17 39 39 33 19
-54552 97932 -80952
79298 -70050 -39370
78328 -69736 -59085
91 33 18 40 25 34 32
84687 56172 -31084
87457 76051 -5200
-41920 90860 -26814
92 29 24 39 30 40 22
-61234 18923 65454
-37872 -1039 -83012
-30237 15096 -39865
92 12 60 20 16 25 51
19606 82259 -18436
-97416 -73249 86833
65757 48391 -8183
92 35 36 21 42 3 47
68605 -8985 39707
72053 -88852 92818
51651 17515 -11793
92 28 31 33 15 54 23
18262 -48419 -18786
-2669 -22525 31068
-39066 69387 26239
92 6 25 61 57 19 16
57617 16327 726
32496 47996 -55033
1390 -71088 75015
92 24 15 53 19 46 27
-61183 83317 53868
83472 41485 -33973
1504 98785 -58826
92 47 23 22 15 38 39
22984 -17794 -42424
47714 17844 -96148
-98211 -95063 84163
92 15 59 18 27 34 31
36289 76469 28336
-43696 84211 19181
-60599 34359 24801
92 20 41 31 59 20 13
-8827 -97911 -80234
23071 -38274 18802
-37491 -66211 79948
92 40 5 47 55 4 33
-85159 -94751 99466
79884 -3914 -5576
-50283 79291 -54977
93 23 50 20 51 18 24
61088 -15721 81357
-86695 -41048 3411
-71153 20505 88658
93 18 42 33 43 50 0
55140 28976 62017
47775 -57824 -10430
33383 66990 -97133
93 23 56 14 37 37 19
-91544 -20026 82998
29246 15715 -77668
41162 92731 -54759
93 34 24 35 16 14 63
87705 53780 -81241
-42557 62434 60658
44776 13798 92410
93 27 45 21 34 36 23
9531 81552 95062
82368 21010 30300
53121 -28483 -3592
93 73 6 14 53 37 3
-3055 66931 -84272
-49915 9037 -31572
-95636 -51017 -36171
93 61 14 18 30 32 31
-92940 -61893 -15315
-55505 93776 -57240
42582 -3356 33209
93 11 42 40 48 11 34
-6882 30727 -75146
-5398 -87894 -74593
-26961 59877 87079
93 26 16 51 33 0 60
-42916 -73540 75156
37461 -40888 -23779
-40908 77015 -89373
93 30 31 32 40 6 47
27817 -93991 -66781
47419 39765 -88712
91191 -25323 52191
94 28 34 32 14 26 54
-68695 -60540 -30497
65056 44664 -1294
54620 1107 76631
94 39 40 15 27 43 24
-48957 -62174 -12328
15335 -56248 41666
30132 25542 32256
94 48 36 10 42 21 31
60767 39915 16411
-30158 87183 -44919
-7305 91834 -6151
94 40 21 33 11 45 38
58562 -8980 88520
77427 -43733 -2912
-92454 31716 -81414
94 48 23 23 35 39 20
-53554 23311 -68124
23710 35638 -55669
-62082 21747 69310
94 30 36 28 40 31 23
25598 -36616 45356
-41161 49767 16191
39366 62600 -77836
94 32 32 30 3 7 84
63277 -16135 85616
-70872 63669 -36621
78319 -11423 -33003
94 46 13 35 16 40 38
-47448 -60731 77744
-94991 -6243 -19394
20596 -60077 82662
94 47 4 43 36 5 53
-57796 -49197 55162
-98258 -99259 -20409
21773 63074 -7735
94 21 62 11 28 26 40
30774 38501 60636
70277 -47821 -99278
-46093 47557 60550
95 55 3 37 45 33 17
-44710 -28667 -15491
-29180 65775 26709
50858 5238 -17701
95 8 38 49 35 16 44
-34561 -55983 -45347
34049 -69269 68383
-76567 -90396 -40875
95 7 4 84 31 32 32
-54083 -55793 82394
79189 -678 -86950
-46458 46455 -8958
95 33 14 48 24 32 39
-54641 39363 -64745
-37808 -27322 -14759
9970 -20716 -16853
95 8 42 45 37 44 14
-28483 -35438 -74346
64805 95697 27500
-46750 24455 -88339
95 15 27 53 47 30 18
94257 51790 8984
75582 -50819 -56696
13495 -3632 -43605
95 30 50 15 27 38 30
-94341 -77859 38785
49339 94363 61582
95471 -72943 -56991
95 19 8 68 44 30 21
-32191 -99090 8757
-74810 -38255 37811
-37409 -94240 63440
95 33 28 34 36 43 16
-59515 -55743 -95681
43320 -93205 51651
-17286 67247 -53150
95 52 2 41 4 10 81
-19703 -76054 -2384
-65010 -10795 60585
78412 61704 -24551
96 36 18 42 47 22 27
-19730 -96459 29778
11403 9540 44799
45317 88790 84077
96 31 37 28 20 60 16
83793 -47584 -60889
30357 -86534 -14314
-67328 -56287 57158
96 63 32 1 28 42 26
-50595 78153 -91103
-88028 88091 -25636
-11642 -86009 89569
96 52 31 13 32 12 52
88386 23213 -62200
-20300 -36732 -18909
467 1957 62429
96 14 38 44 30 35 31
-99056 1493 -11330
22256 85011 35374
93679 -39703 11469
96 22 38 36 31 33 32
74634 -58438 -96133
57559 -35590 -19829
11261 -91011 -85126
96 35 3 58 0 46 50
91590 -74648 41757
71308 85495 61179
50334 -58637 -67929
96 45 0 51 4 44 48
-34695 43334 -94395
-82688 -42203 88737
-46152 3249 2593
96 49 19 28 19 62 15
-43552 -23148 -17836
22934 83172 81554
23645 -34742 -7341
96 17 59 20 67 3 26
-64794 25627 79571
-18566 57535 85169
-71787 16459 -9543
97 29 8 60 22 5 70
-34154 -6805 -30020
71591 -60263 53647
-94096 89006 -53358
97 41 34 22 18 44 35
-79345 33775 -61670
-25439 -27003 89562
-54159 75991 -59618
97 30 19 48 31 11 55
69675 -98550 4650
9464 -93033 71852
-24772 15736 66505
97 40 49 8 41 53 3
-53190 83486 -29058
43403 43472 -39857
26148 54854 34107
97 27 62 8 38 36 23
66430 19414 -41004
67853 90503 6697
-9851 -2590 31099
97 45 29 23 19 30 48
-99757 30352 73234
-61269 -65732 55449
-67541 99388 90284
97 66 6 25 10 49 38
43682 -9048 -28332
54575 -26320 52533
77209 51690 -42257
97 10 40 47 69 8 20
-10587 57193 -39666
-22779 51508 -66304
12506 4325 -15892
97 40 40 17 29 34 34
66939 8558 -6256
24440 31266 -67777
77655 29703 -57420
97 52 6 39 47 41 9
-28302 -88699 53229
-65482 88310 -77672
55119 -6045 85687
98 23 53 22 38 27 33
58556 31691 -77713
75362 54752 70791
13937 3012 91083
98 29 15 54 28 24 46
-81421 48319 22255
60664 -17070 16286
-93104 -41073 21086
98 34 13 51 7 45 46
99255 -36820 -30065
-8635 7999 -51994
90342 -52105 -60951
98 40 12 46 40 16 42
-88043 -84186 35095
-560 -12277 84512
-43468 83094 -67929
98 20 43 35 48 2 48
-42699 -19911 86478
5022 -35321 28120
24234 28488 -76179
98 23 49 26 32 13 53
-33659 -15605 24199
-35591 57674 30351
-47027 15181 -58355
98 69 14 15 20 46 32
-24484 -96700 -42284
73150 89517 -28646
-36904 -30843 -21677
98 38 32 28 47 37 14
784 -91197 71768
41458 -66439 -86664
61248 -74086 -38518
98 44 43 11 41 52 5
-25833 46315 28443
31364 76315 87448
32313 89610 17852
98 34 31 33 36 50 12
-4976 -71851 -39353
-19303 43826 32339
-63531 1307 -62154
99 37 54 8 36 29 34
28218 -98052 -5253
84344 95876 78060
-47735 -55708 98053
99 1 49 49 38 51 10
68053 10958 22824
-3049 -91373 -47993
62217 -51057 39661
99 38 30 31 42 17 40
-15172 -43038 30574
-83021 30824 70266
53111 8261 -10812
99 23 35 41 32 51 16
81400 90173 -29950
-81625 20988 -61509
22557 -65234 47485
99 12 41 46 39 4 56
-38258 -84127 -70599
82225 -23650 4027
32078 46330 -29010
99 52 32 15 9 41 49
-33632 -97658 32869
6619 -57337 95949
82550 4330 84907
99 41 22 36 11 63 25
-26748 17246 -56843
-84587 58578 -18179
29131 -29400 41712
99 16 30 53 14 72 13
-67843 6748 -64058
93557 -8902 55423
-5227 32144 43693
99 38 21 40 20 31 48
-57439 -21467 77406
-67616 96469 47743
-44275 -7389 92896
99 62 28 9 23 38 38
-68004 61708 62411
86476 34122 93771
79545 49049 -56680
100 64 17 19 1 2 97
81293 -132 59805
30722 52635 45595
10651 45178 49649
